,frame,ridge_x,ridge_y,lin_x,lin_y,poly_x,poly_y
0,0,815,114,815,114,769,-232
1,1,840,100,840,100,790,-277
2,2,793,87,793,87,737,-326
3,3,793,87,793,87,737,-326
4,4,793,87,793,87,737,-326
5,5,779,86,779,86,722,-332
6,6,761,49,761,49,690,-468
7,7,779,50,779,50,709,-461
8,8,740,84,740,84,680,-345
9,9,759,94,759,94,704,-307
10,10,760,88,760,88,702,-330
11,11,769,94,769,94,714,-306
12,12,765,142,765,142,726,-149
13,13,765,142,765,142,726,-149
14,14,762,138,762,138,722,-161
15,15,787,136,787,136,747,-163
16,16,761,135,761,135,719,-170
17,17,765,137,765,137,724,-165
18,18,773,133,773,133,731,-177
19,19,775,164,775,164,743,-79
20,20,774,165,774,165,742,-75
21,21,785,167,785,167,754,-67
22,22,787,152,787,152,752,-114
23,23,795,153,795,153,761,-109
24,24,782,129,782,129,740,-188
25,25,796,143,796,143,758,-142
26,26,791,145,791,145,753,-134
27,27,796,166,796,166,765,-69
28,28,792,142,792,142,753,-146
29,29,792,142,792,142,753,-146
30,30,733,118,733,118,684,-232
31,31,736,129,736,129,692,-193
32,32,739,150,739,150,702,-127
33,33,758,144,758,144,720,-141
34,34,694,160,694,160,658,-99
35,35,744,177,744,177,715,-43
36,36,746,184,746,184,719,-20
37,37,709,150,709,150,670,-130
38,38,736,160,736,160,701,-95
39,39,714,151,714,151,676,-125
40,40,714,151,714,151,676,-125
41,41,744,160,744,160,710,-94
42,42,696,116,696,116,646,-240
43,43,696,116,696,116,646,-240
44,44,701,106,701,106,648,-274
45,45,707,105,707,105,653,-278
46,46,707,96,707,96,651,-309
47,47,738,114,738,114,689,-244
48,48,705,86,705,86,645,-345
49,49,707,125,707,125,660,-209
50,50,728,146,728,146,688,-140
51,51,728,146,728,146,688,-140
52,52,736,136,736,136,693,-172
53,53,736,136,736,136,693,-172
54,54,743,137,743,137,701,-168
55,55,731,146,731,146,691,-140
56,56,762,122,762,122,717,-212
57,57,739,123,739,123,692,-214
58,58,748,134,748,134,706,-175
59,59,730,124,730,124,684,-211
60,60,735,152,735,152,698,-119
61,61,724,143,724,143,683,-149
62,62,724,143,724,143,683,-149
63,63,713,154,713,154,676,-117
64,64,763,166,763,166,731,-72
65,65,758,179,758,179,730,-34
66,66,779,201,779,201,758,32
67,67,760,170,760,170,729,-61
68,68,711,156,711,156,674,-110
69,69,729,164,729,164,695,-84
70,70,773,212,773,212,754,64
71,71,730,188,730,188,703,-10
72,72,748,197,748,197,725,18
73,73,748,197,748,197,725,18
74,74,743,200,743,200,720,25
75,75,747,182,747,182,719,-27
76,76,762,187,762,187,736,-11
77,77,772,201,772,201,751,31
78,78,776,187,776,187,750,-9
79,79,764,193,764,193,739,8
80,80,809,199,809,199,787,31
81,81,768,192,768,192,743,5
82,82,720,185,720,185,691,-22
83,83,720,185,720,185,691,-22
84,84,721,181,721,181,691,-34
85,85,735,172,735,172,704,-59
86,86,744,196,744,196,720,14
87,87,749,225,749,225,733,98
88,88,730,188,730,188,703,-10
89,89,756,188,756,188,730,-7
90,90,752,186,752,186,725,-15
91,91,747,183,747,183,720,-23
92,92,745,187,745,187,718,-12
93,93,744,187,744,187,717,-12
94,94,738,156,738,156,703,-107
95,95,756,187,756,187,730,-11
96,96,748,177,748,177,719,-43
97,97,749,207,749,207,728,48
98,98,741,171,741,171,710,-59
99,99,749,198,749,198,725,22
100,100,758,197,758,197,735,19
101,101,753,178,753,178,724,-38
102,102,816,192,816,192,793,9
103,103,755,177,755,177,726,-42
104,104,765,232,765,232,751,117
105,105,750,200,750,200,727,26
106,106,747,209,747,209,726,51
107,107,764,233,764,233,750,120
108,108,763,209,763,209,743,53
109,109,778,219,778,219,761,83
110,110,765,211,765,211,745,60
111,111,751,200,751,200,729,26
112,112,758,227,758,227,742,102
113,113,758,227,758,227,742,102
114,114,758,225,758,225,741,99
115,115,779,232,779,232,765,118
116,116,785,220,785,220,768,87
117,117,777,206,777,206,757,47
118,118,783,230,783,230,769,115
119,119,793,246,793,246,782,157
120,120,784,201,784,201,762,32
121,121,791,243,791,243,780,150
122,122,776,211,776,211,757,61
123,123,795,247,795,247,786,160
124,124,771,387,771,387,786,474
125,125,736,389,736,389,751,475
126,126,731,362,731,362,742,422
127,127,734,366,734,366,746,430
128,128,730,359,730,359,740,417
129,129,753,403,753,403,769,502
130,130,755,393,755,393,770,483
131,131,738,390,738,390,752,477
132,132,740,404,740,404,757,503
133,133,769,393,769,393,784,483
134,134,752,372,752,372,764,444
135,135,713,429,713,429,732,544
136,136,739,421,739,421,757,532
137,137,740,419,740,419,758,528
138,138,739,424,739,424,757,537
139,139,742,453,742,453,764,584
140,140,746,426,746,426,765,541
141,141,768,442,768,442,789,567
142,142,769,434,769,434,789,555
143,143,795,430,795,430,815,549
144,144,717,433,717,433,736,551
145,145,743,430,743,430,763,548
146,146,777,425,777,425,796,540
147,147,772,435,772,435,792,557
148,148,813,462,813,462,835,600
149,149,803,448,803,448,825,578
150,150,745,434,745,434,765,554
151,151,748,411,748,411,765,515
152,152,742,442,742,442,762,566
153,153,742,442,742,442,762,566
154,154,690,407,690,407,706,505
155,155,697,419,697,419,714,526
156,156,697,407,697,407,713,506
157,157,684,418,684,418,701,523
158,158,710,428,710,428,729,542
159,159,702,438,702,438,722,559
160,160,737,452,737,452,758,582
161,161,781,427,781,427,800,545
162,162,778,426,778,426,797,543
163,163,785,430,785,430,805,549
164,164,763,465,763,465,785,602
165,165,733,462,733,462,755,598
166,166,726,489,726,489,749,636
167,167,746,443,746,443,766,569
168,168,762,436,762,436,782,559
169,169,749,462,749,462,771,598
170,170,756,443,756,443,776,569
171,171,741,448,741,448,762,576
172,172,719,457,719,457,741,590
173,173,742,446,742,446,763,573
174,174,717,469,717,469,739,607
175,175,721,446,721,446,741,572
176,176,735,433,735,433,755,552
177,177,737,458,737,458,759,592
178,178,722,475,722,475,745,616
179,179,760,452,760,452,782,583
180,180,747,439,747,439,767,562
181,181,755,436,755,436,775,559
182,182,764,485,764,485,788,631
183,183,729,456,729,456,750,588
184,184,765,493,765,493,789,642
185,185,742,452,742,452,764,583
186,186,740,437,740,437,760,558
187,187,734,435,734,435,754,556
188,188,745,407,745,407,761,508
189,189,794,413,794,413,812,521
190,190,763,431,763,431,783,551
191,191,752,457,752,457,774,591
192,192,781,430,781,430,801,549
193,193,784,411,784,411,802,516
194,194,763,430,763,430,782,548
195,195,750,439,750,439,770,563
196,196,762,452,762,452,783,583
197,197,766,454,766,454,788,587
198,198,794,431,794,431,814,551
199,199,777,435,777,435,797,557
200,200,793,427,793,427,813,545
201,201,812,436,812,436,833,560
202,202,762,420,762,420,781,531
203,203,778,425,778,425,797,540
204,204,760,444,760,444,781,571
205,205,749,444,749,444,769,571
206,206,690,442,690,442,710,564
207,207,702,421,702,421,720,531
208,208,684,442,684,442,704,564
209,209,719,444,719,444,740,570
210,210,746,467,746,467,769,606
211,211,736,462,736,462,758,598
212,212,695,456,695,456,716,587
213,213,710,448,710,448,731,575
214,214,698,441,698,441,718,563
215,215,695,423,695,423,714,533
216,216,696,409,696,409,712,508
217,217,670,433,670,433,689,549
218,218,710,418,710,418,728,525
219,219,705,414,705,414,722,518
220,220,744,425,744,425,763,539
221,221,685,425,685,425,703,537
222,222,714,397,714,397,730,488
223,223,714,408,714,408,731,509
224,224,738,428,738,428,757,543
225,225,1079,142,1079,142,1049,-119
226,226,797,349,797,349,807,399
227,227,811,365,811,365,824,433
228,228,791,338,791,338,799,377
229,229,789,369,789,369,802,440
230,230,819,382,819,382,834,466
231,231,832,415,832,415,850,527
232,232,693,427,693,427,711,539
233,233,711,443,711,443,731,567
234,234,713,429,713,429,732,544
235,235,714,443,714,443,734,567
236,236,718,430,718,430,737,547
237,237,728,435,728,435,748,556
238,238,547,429,547,429,563,532
239,239,29,523,29,523,41,610
240,240,150,389,150,389,148,406
241,241,122,380,122,380,116,383
242,242,109,344,109,344,96,302
243,243,69,349,69,349,55,303
244,244,80,323,80,323,60,245
245,245,85,311,85,311,62,218
246,246,87,307,87,307,63,209
247,247,75,310,75,310,51,213
248,248,87,282,87,282,56,143
249,249,99,312,99,312,77,224
250,250,-52,703,-52,703,-36,756
251,251,282,1079,282,1079,228,527
252,252,439,1087,439,1087,376,505
253,253,-364,1162,-364,1162,-435,362
254,254,-363,674,-363,674,-357,690
255,255,-157,439,-157,439,-165,441
256,256,-52,365,-52,365,-70,314
257,257,-56,317,-56,317,-85,202
258,258,-3,357,-3,357,-19,307
259,259,-26,302,-26,302,-58,169
260,260,-31,312,-31,312,-61,194
261,261,54,289,54,289,23,157
262,262,-1,286,-1,286,-36,135
263,263,39,295,39,295,9,167
264,264,85,263,85,263,49,95
265,265,98,307,98,307,75,211
266,266,76,258,76,258,39,79
267,267,97,252,97,252,58,65
268,268,34,247,34,247,-10,38
269,269,116,247,116,247,77,55
270,270,113,283,113,283,84,152
271,271,92,254,92,254,54,71
272,272,117,277,117,277,87,139
273,273,122,290,122,290,96,173
274,274,129,290,129,290,103,175
275,275,107,296,107,296,82,184
276,276,97,324,97,324,78,251
277,277,130,299,130,299,106,198
278,278,125,289,125,289,98,171
279,279,124,263,124,263,91,102
280,280,118,270,118,270,86,118
281,281,131,263,131,263,98,104
282,282,136,257,136,257,102,87
283,283,125,252,125,252,88,71
284,284,134,264,134,264,102,108
285,285,115,274,115,274,84,128
286,286,112,274,112,274,81,128
287,287,91,279,91,279,60,137
288,288,97,314,97,314,76,227
289,289,106,297,106,297,80,187
290,290,106,266,106,266,73,106
291,291,120,257,120,257,84,84
292,292,134,232,134,232,92,18
293,293,135,222,135,222,90,-12
294,294,122,232,122,232,79,16
295,295,92,257,92,257,54,78
296,296,94,245,94,245,53,47
297,297,80,252,80,252,41,62
298,298,121,244,121,244,82,49
299,299,86,253,86,253,47,66
300,300,96,254,96,254,58,72
301,301,125,257,125,257,90,85
302,302,101,285,101,285,72,156
303,303,75,239,75,239,31,24
304,304,104,258,104,258,68,84
305,305,61,244,61,244,19,36
306,306,94,252,94,252,56,65
307,307,122,250,122,250,85,67
308,308,92,256,92,256,54,75
309,309,85,254,85,254,46,70
310,310,82,271,82,271,48,115
311,311,100,254,100,254,62,73
312,312,130,279,130,279,101,145
313,313,108,293,108,293,82,177
314,314,107,261,107,261,72,92
315,315,105,262,105,262,70,95
316,316,125,289,125,289,98,171
317,317,128,311,128,311,107,226
318,318,125,288,125,288,98,167
319,319,119,319,119,319,99,243
320,320,124,301,124,301,101,200
321,321,109,320,109,320,90,244
322,322,108,323,108,323,89,250
323,323,123,306,123,306,101,213
324,324,112,319,112,319,92,242
325,325,97,328,97,328,79,261
326,326,94,325,94,325,75,254
327,327,89,315,89,315,67,228
328,328,103,310,103,310,80,218
329,329,83,329,83,329,65,261
330,330,84,289,84,289,56,163
331,331,102,287,102,287,74,160
332,332,102,302,102,302,78,199
333,333,82,319,82,319,61,236
334,334,93,310,93,310,70,216
335,335,102,302,102,302,78,199
336,336,73,302,73,302,47,193
337,337,83,296,83,296,57,179
338,338,70,303,70,303,44,196
339,339,80,310,80,310,57,214
340,340,57,311,57,311,32,212
341,341,63,318,63,318,40,229
342,342,105,290,105,290,78,170
343,343,87,305,87,305,63,202
344,344,75,275,75,275,42,124
345,345,83,278,83,278,52,132
346,346,131,266,131,266,99,111
347,347,129,255,129,255,94,82
348,348,121,275,121,275,91,133
349,349,90,269,90,269,56,109
350,350,117,265,117,265,84,105
351,351,138,243,138,243,99,48
352,352,379,270,379,270,360,170
353,353,1129,309,1129,309,1136,325
354,354,1292,317,1292,317,1299,340
355,355,1282,305,1282,305,1288,316
356,356,1256,304,1256,304,1261,314
357,357,1204,303,1204,303,1210,313
358,358,1397,401,1397,401,1410,493
359,359,1372,386,1372,386,1385,469
360,360,1345,395,1345,395,1359,486
361,361,1386,426,1386,426,1401,532
362,362,1381,372,1381,372,1392,443
363,363,1372,409,1372,409,1386,507
364,364,1376,418,1376,418,1390,521
365,365,1374,412,1374,412,1388,511
366,366,1389,390,1389,390,1402,474
367,367,1365,382,1365,382,1377,462
368,368,1378,392,1378,392,1391,479
369,369,1351,384,1351,384,1364,466
370,370,1366,410,1366,410,1380,510
371,371,1354,411,1354,411,1369,511
372,372,1363,410,1363,410,1377,510
373,373,1336,403,1336,403,1350,499
374,374,1338,377,1338,377,1351,455
375,375,1285,363,1285,363,1298,433
376,376,1301,410,1301,410,1317,512
377,377,1304,393,1304,393,1319,484
378,378,1318,386,1318,386,1331,472
379,379,1272,389,1272,389,1286,480
380,380,1307,397,1307,397,1322,491
381,381,1321,443,1321,443,1337,562
382,382,1347,443,1347,443,1363,560
383,383,1314,413,1314,413,1330,518
384,384,1275,430,1275,430,1292,546
385,385,1301,419,1301,419,1317,527
386,386,1304,448,1304,448,1321,570
387,387,1297,424,1297,424,1313,535
388,388,1362,461,1362,461,1378,583
389,389,1372,458,1372,458,1388,579
390,390,1407,437,1407,437,1421,547
391,391,1376,432,1376,432,1391,542
392,392,1400,436,1400,436,1414,546
393,393,1386,441,1386,441,1401,554
394,394,1412,450,1412,450,1426,565
395,395,1457,427,1457,427,1470,527
396,396,1391,401,1391,401,1405,493
397,397,1438,429,1438,429,1451,533
398,398,1365,386,1365,386,1378,469
399,399,1411,419,1411,419,1424,520
400,400,1396,422,1396,422,1410,525
401,401,1357,403,1357,403,1371,498
402,402,1397,415,1397,415,1410,515
403,403,1385,441,1385,441,1400,555
404,404,1389,441,1389,441,1404,554
405,405,1391,432,1391,432,1405,541
406,406,1390,426,1390,426,1405,531
407,407,1398,431,1398,431,1412,538
408,408,1347,444,1347,444,1363,561
409,409,1358,421,1358,421,1373,526
410,410,1370,457,1370,457,1386,577
411,411,1380,430,1380,430,1394,538
412,412,1406,426,1406,426,1420,530
413,413,1413,450,1413,450,1428,564
414,414,1388,454,1388,454,1403,572
415,415,1394,432,1394,432,1408,541
416,416,1391,437,1391,437,1406,548
417,417,1366,455,1366,455,1382,576
418,418,1365,440,1365,440,1380,554
419,419,1361,465,1361,465,1377,588
420,420,1354,427,1354,427,1370,536
421,421,1361,466,1361,466,1377,590
422,422,1369,432,1369,432,1384,543
423,423,1340,445,1340,445,1356,564
424,424,1345,435,1345,435,1361,549
425,425,1336,386,1336,386,1349,471
426,426,1390,401,1390,401,1403,493
427,427,1365,443,1365,443,1381,558
428,428,1352,413,1352,413,1366,515
429,429,1370,458,1370,458,1386,579
430,430,1361,440,1361,440,1376,555
431,431,1343,407,1343,407,1357,505
432,432,1331,420,1331,420,1347,526
433,433,1357,450,1357,450,1373,570
434,434,1360,430,1360,430,1375,540
435,435,1358,443,1358,443,1374,559
436,436,1354,448,1354,448,1370,566
437,437,1350,448,1350,448,1366,567
438,438,1355,458,1355,458,1371,580
439,439,1376,463,1376,463,1392,585
440,440,1374,464,1374,464,1389,587
441,441,1393,459,1393,459,1408,579
442,442,1350,461,1350,461,1366,584
443,443,1369,462,1369,462,1385,584
444,444,1311,462,1311,462,1328,589
445,445,1382,446,1382,446,1397,562
446,446,1371,432,1371,432,1386,543
447,447,1368,462,1368,462,1384,584
448,448,1372,459,1372,459,1388,580
449,449,1353,474,1353,474,1370,600
450,450,1876,216,1876,216,1859,66
451,451,1385,428,1385,428,1400,536
452,452,1425,445,1425,445,1439,556
453,453,1438,450,1438,450,1452,562
454,454,1407,464,1407,464,1422,584
455,455,1438,490,1438,490,1452,612
456,456,1415,469,1415,469,1429,590
457,457,1306,404,1306,404,1322,504
458,458,1307,398,1307,398,1322,493
459,459,1301,419,1301,419,1317,527
460,460,1287,439,1287,439,1304,559
461,461,1298,416,1298,416,1313,523
462,462,1287,369,1287,369,1300,442
463,463,1285,420,1285,420,1302,530
464,464,1310,392,1310,392,1324,482
465,465,1394,383,1394,383,1406,463
466,466,1369,199,1369,199,1356,54
467,467,1359,100,1359,100,1322,-242
468,468,1312,41,1312,41,1255,-444
469,469,1358,23,1358,23,1296,-509
470,470,1370,23,1370,23,1309,-509
471,471,1389,-9,1389,-9,1316,-629
472,472,1383,13,1383,13,1319,-547
473,473,1365,-44,1365,-44,1279,-766
474,474,1344,5,1344,5,1276,-576
475,475,1323,-6,1323,-6,1251,-621
476,476,1376,-7,1376,-7,1305,-619
477,477,1393,5,1393,5,1325,-575
478,478,1387,-17,1387,-17,1312,-659
479,479,1386,-26,1386,-26,1307,-694
480,480,1376,-26,1376,-26,1298,-694
481,481,1399,-17,1399,-17,1324,-659
482,482,1370,-25,1370,-25,1291,-689
483,483,1378,-25,1378,-25,1300,-689
484,484,1381,-25,1381,-25,1302,-689
485,485,1427,-40,1427,-40,1344,-750
486,486,1405,-52,1405,-52,1317,-797
487,487,1382,-57,1382,-57,1292,-818
488,488,1697,584,1697,584,1693,657
489,489,2342,881,2342,881,2206,383
490,490,1939,803,1939,803,1872,590
491,491,1539,468,1539,468,1549,576
492,492,1511,250,1511,250,1507,179
493,493,1417,122,1417,122,1385,-173
494,494,1377,90,1377,90,1336,-275
495,495,1364,33,1364,33,1306,-471
496,496,1374,-5,1374,-5,1302,-615
497,497,1414,7,1414,7,1348,-566
498,498,1419,-38,1419,-38,1336,-739
499,499,1426,-37,1426,-37,1344,-734
500,500,1332,-37,1332,-37,1248,-741
501,501,1352,-55,1352,-55,1261,-814
502,502,1359,-72,1359,-72,1261,-883
503,503,1348,-75,1348,-75,1249,-894
504,504,1358,-64,1358,-64,1264,-850
505,505,1364,-81,1364,-81,1263,-920
506,506,1348,-67,1348,-67,1253,-861
507,507,1370,-59,1370,-59,1278,-829
508,508,1365,-67,1365,-67,1270,-861
509,509,1386,-83,1386,-83,1285,-925
510,510,1371,-73,1371,-73,1274,-888
511,511,1374,-73,1374,-73,1277,-887
512,512,1379,-41,1379,-41,1295,-756
513,513,1347,-48,1347,-48,1259,-782
514,514,1376,-63,1376,-63,1283,-845
515,515,1387,-67,1387,-67,1293,-860
516,516,1357,-79,1357,-79,1257,-910
517,517,1341,-54,1341,-54,1250,-809
518,518,1362,-66,1362,-66,1267,-856
519,519,1378,-64,1378,-64,1284,-850
520,520,1338,-80,1338,-80,1236,-916
521,521,1337,-62,1337,-62,1244,-840
522,522,1372,-62,1372,-62,1279,-839
523,523,1404,-65,1404,-65,1311,-849
524,524,1368,-67,1368,-67,1273,-861
525,525,1379,-84,1379,-84,1277,-931
526,526,1370,-57,1370,-57,1279,-818
527,527,1385,-93,1385,-93,1280,-969
528,528,1419,-67,1419,-67,1325,-860
529,529,1369,-81,1369,-81,1268,-920
530,530,1369,-68,1369,-68,1273,-866
531,531,1381,-76,1381,-76,1282,-898
532,532,1430,-74,1430,-74,1334,-886
533,533,1397,-36,1397,-36,1314,-735
534,534,1406,-56,1406,-56,1317,-812
535,535,1410,-36,1410,-36,1328,-734
536,536,1406,-58,1406,-58,1315,-823
537,537,1416,-100,1416,-100,1308,-996
538,538,1384,-74,1384,-74,1287,-887
539,539,1377,-77,1377,-77,1278,-904
540,540,1393,-67,1393,-67,1298,-860
541,541,1391,-58,1391,-58,1300,-823
542,542,1395,-52,1395,-52,1307,-797
543,543,1377,-70,1377,-70,1281,-871
544,544,1379,-44,1379,-44,1294,-766
545,545,1389,-47,1389,-47,1302,-776
546,546,1359,-67,1359,-67,1264,-861
547,547,1356,-91,1356,-91,1250,-964
548,548,1357,-63,1357,-63,1263,-845
549,549,1364,-67,1364,-67,1268,-861
550,550,1357,-67,1357,-67,1261,-861
551,551,1356,-93,1356,-93,1250,-970
552,552,1341,-76,1341,-76,1241,-899
553,553,1353,-44,1353,-44,1266,-767
554,554,1358,-73,1358,-73,1259,-888
555,555,1360,-76,1360,-76,1261,-899
556,556,1365,-63,1365,-63,1272,-845
557,557,1391,-61,1391,-61,1298,-834
558,558,1382,-67,1382,-67,1287,-860
559,559,1375,-58,1375,-58,1284,-823
560,560,1361,-68,1361,-68,1265,-866
561,561,1365,-50,1365,-50,1276,-792
562,562,1364,-48,1364,-48,1276,-782
563,563,1370,-52,1370,-52,1281,-797
564,564,1368,-39,1368,-39,1285,-745
565,565,1422,-69,1422,-69,1328,-865
566,566,1398,-75,1398,-75,1300,-892
567,567,1433,-47,1433,-47,1348,-775
568,568,1414,-63,1414,-63,1321,-844
569,569,1401,-67,1401,-67,1307,-860
570,570,1381,-126,1381,-126,1261,-1115
571,571,1420,-75,1420,-75,1323,-892
572,572,1398,-52,1398,-52,1310,-797
573,573,1413,-42,1413,-42,1329,-755
574,574,1394,-32,1394,-32,1313,-719
575,575,1394,-53,1394,-53,1305,-802
576,576,1407,-60,1407,-60,1316,-828
577,577,1391,-41,1391,-41,1306,-755
578,578,1414,-76,1414,-76,1317,-897
579,579,1390,-74,1390,-74,1292,-887
580,580,1369,-85,1369,-85,1267,-936
581,581,913,179,913,179,889,-18
582,582,448,378,448,378,455,428
583,583,415,416,415,416,426,495
584,584,362,397,362,397,369,453
585,585,364,372,364,372,367,405
586,586,214,461,214,461,226,547
587,587,191,467,191,467,203,554
588,588,179,476,179,476,191,567
589,589,149,461,149,461,158,538
590,590,180,483,180,483,193,577
591,591,161,489,161,489,174,584
592,592,172,515,172,515,188,622
593,593,161,515,161,515,177,621
594,594,151,475,151,475,162,561
595,595,128,477,128,477,138,560
596,596,115,459,115,459,123,529
597,597,103,489,103,489,114,574
598,598,97,492,97,492,108,579
599,599,121,469,121,469,131,546
600,600,117,525,117,525,132,627
601,601,165,529,165,529,182,640
602,602,115,566,115,566,133,676
603,603,133,568,133,568,152,681
604,604,133,536,133,536,150,644
605,605,102,553,102,553,120,660
606,606,65,561,65,561,82,663
607,607,58,578,58,578,76,681
608,608,110,559,110,559,128,668
609,609,99,541,99,541,115,645
610,610,121,540,121,540,138,647
611,611,111,571,111,571,129,681
612,612,62,576,62,576,80,680
613,613,126,532,126,532,142,638
614,614,100,519,100,519,114,617
615,615,88,550,88,550,105,655
616,616,90,534,90,534,105,634
617,617,89,547,89,547,106,650
618,618,80,527,80,527,94,625
619,619,116,553,116,553,134,662
620,620,71,561,71,561,88,664
621,621,73,567,73,567,90,672
622,622,70,544,70,544,85,644
623,623,82,540,82,540,97,641
624,624,70,567,70,567,87,671
625,625,98,553,98,553,115,659
626,626,67,567,67,567,84,671
627,627,52,544,52,544,66,642
628,628,93,577,93,577,111,685
629,629,33,537,33,537,46,629
630,630,94,534,94,534,109,635
631,631,87,514,87,514,100,609
632,632,84,563,84,563,101,669
633,633,113,539,113,539,129,644
634,634,133,551,133,551,151,662
635,635,120,523,120,523,135,625
636,636,87,536,87,536,103,637
637,637,72,556,72,556,88,659
638,638,54,558,54,558,70,659
639,639,116,553,116,553,134,662
640,640,80,535,80,535,95,635
641,641,108,519,108,519,123,619
642,642,64,554,64,554,80,656
643,643,68,522,68,522,82,616
644,644,66,533,66,533,80,629
645,645,55,530,55,530,68,624
646,646,74,549,74,549,90,651
647,647,65,540,65,540,80,639
648,648,109,527,109,527,124,629
649,649,90,550,90,550,106,655
650,650,43,521,43,521,55,611
651,651,101,534,101,534,117,636
652,652,107,543,107,543,124,648
653,653,106,544,106,544,123,649
654,654,88,545,88,545,104,649
655,655,121,553,121,553,138,662
656,656,83,553,83,553,99,657
657,657,132,571,132,571,151,683
658,658,40,552,40,552,55,649
659,659,137,587,137,587,157,701
660,660,93,590,93,590,112,698
661,661,82,575,82,575,100,681
662,662,44,560,44,560,60,659
663,663,40,589,40,589,57,690
664,664,28,559,28,559,43,655
665,665,50,504,50,504,61,589
666,666,68,499,68,499,79,584
667,667,34,510,34,510,45,593
668,668,82,534,82,534,96,633
669,669,27,489,27,489,35,562
670,670,76,536,76,536,91,636
671,671,60,526,60,526,74,620
672,672,76,502,76,502,88,589
673,673,81,521,81,521,94,616
674,674,59,513,59,513,71,603
675,675,231,328,231,328,220,287
676,676,148,465,148,465,157,544
677,677,135,486,135,486,147,575
678,678,133,491,133,491,145,582
679,679,113,513,113,513,128,611
680,680,121,499,121,499,134,592
681,681,108,481,108,481,119,563
682,682,102,508,102,508,115,602
683,683,116,514,116,514,131,613
684,684,131,536,131,536,147,643
685,685,122,518,122,518,137,619
686,686,118,532,118,532,134,637
687,687,106,508,106,508,119,602
688,688,108,527,108,527,123,629
689,689,67,493,67,493,78,574
690,690,69,498,69,498,80,582
691,691,51,462,51,462,57,523
692,692,70,495,70,495,81,578
693,693,125,517,125,517,140,617
694,694,226,416,226,416,232,470
695,695,652,119,652,119,601,-237
696,696,676,69,676,69,608,-408
697,697,727,2,727,2,635,-654
698,698,740,-6,740,-6,645,-683
699,699,706,7,706,7,615,-637
700,700,744,-32,744,-32,638,-787
701,701,755,-36,755,-36,648,-801
702,702,757,-31,757,-31,652,-780
703,703,761,-45,761,-45,650,-838
704,704,740,-54,740,-54,623,-879
705,705,769,-47,769,-47,658,-848
706,706,764,-69,764,-69,642,-942
707,707,745,-23,745,-23,643,-750
708,708,730,-50,730,-50,615,-864
709,709,712,-88,712,-88,578,-1034
710,710,715,-68,715,-68,591,-944
711,711,736,-67,736,-67,614,-935
712,712,731,-52,731,-52,615,-875
713,713,745,-34,745,-34,638,-797
714,714,745,-14,745,-14,647,-713
715,715,545,498,545,498,568,638
716,716,1035,823,1035,823,1024,758
717,717,977,725,977,725,987,789
718,718,445,542,445,542,469,684
719,719,637,175,637,175,602,-62
720,720,657,78,657,78,592,-379
721,721,728,-25,728,-25,624,-763
722,722,741,-2,741,-2,647,-668
723,723,723,-20,723,-20,621,-743
724,724,720,-34,720,-34,612,-801
725,725,731,-61,731,-61,610,-913
726,726,747,-67,747,-67,625,-933
727,727,728,-78,728,-78,600,-986
728,728,728,-38,728,-38,619,-816
729,729,746,-82,746,-82,617,-1001
730,730,750,-58,750,-58,633,-894
731,731,726,-69,726,-69,602,-947
732,732,746,-68,746,-68,623,-939
733,733,748,-67,748,-67,627,-933
734,734,771,-44,771,-44,661,-831
735,735,748,-77,748,-77,621,-978
736,736,746,-61,746,-61,627,-911
737,737,742,-63,742,-63,622,-917
738,738,734,-68,734,-68,611,-941
739,739,756,-71,756,-71,634,-948
740,740,742,-60,742,-60,623,-906
741,741,722,-48,722,-48,607,-860
742,742,724,-19,724,-19,623,-737
743,743,749,-36,749,-36,642,-802
744,744,752,-41,752,-41,642,-823
745,745,742,-40,742,-40,633,-819
746,746,747,-34,747,-34,640,-797
747,747,746,-45,746,-45,634,-840
748,748,747,-15,747,-15,648,-718
749,749,738,3,738,3,647,-648
750,750,711,-29,711,-29,604,-781
751,751,710,17,710,17,623,-596
752,752,754,-25,754,-25,652,-759
753,753,746,-22,746,-22,645,-744
754,754,766,3,766,3,676,-644
755,755,761,22,761,22,678,-570
756,756,734,15,734,15,647,-603
757,757,769,0,769,0,678,-654
758,758,760,-58,760,-58,643,-893
759,759,746,-7,746,-7,651,-687
760,760,778,-45,778,-45,668,-836
761,761,751,-19,751,-19,651,-733
762,762,774,-18,774,-18,676,-725
763,763,759,-13,759,-13,663,-706
764,764,789,-42,789,-42,681,-823
765,765,781,-42,781,-42,672,-824
766,766,785,-8,785,-8,692,-682
767,767,763,-4,763,-4,670,-670
768,768,805,-17,805,-17,709,-716
769,769,781,-28,781,-28,678,-766
770,770,782,-6,782,-6,689,-677
771,771,776,-54,776,-54,662,-874
772,772,757,13,757,13,671,-605
773,773,781,36,781,36,705,-513
774,774,778,-13,778,-13,682,-704
775,775,790,26,790,26,711,-551
776,776,805,20,805,20,724,-569
777,777,831,54,831,54,765,-441
778,778,750,-7,750,-7,655,-687
779,779,744,7,744,7,655,-632
780,780,805,2,805,2,717,-639
781,781,769,-14,769,-14,672,-710
782,782,798,-23,798,-23,698,-743
783,783,772,1,772,1,681,-648
784,784,769,8,769,8,682,-623
785,785,774,-10,774,-10,679,-694
786,786,748,-16,748,-16,649,-723
787,787,787,17,787,17,704,-586
788,788,769,-2,769,-2,677,-664
789,789,781,9,781,9,694,-617
790,790,770,30,770,30,691,-539
791,791,789,6,789,6,701,-626
792,792,759,-17,759,-17,661,-722
793,793,783,0,783,0,692,-652
794,794,752,16,752,16,666,-595
795,795,821,28,821,28,744,-538
796,796,788,3,788,3,700,-641
797,797,795,18,795,18,713,-580
798,798,816,2,816,2,729,-638
799,799,765,-14,765,-14,668,-711
800,800,804,27,804,27,726,-545
801,801,775,-48,775,-48,664,-847
802,802,756,-56,756,-56,640,-888
803,803,765,-64,765,-64,646,-919
804,804,761,-4,761,-4,669,-670
805,805,776,-58,776,-58,660,-890
806,806,779,-63,779,-63,661,-912
807,807,782,-24,782,-24,682,-750
808,808,757,-20,757,-20,657,-738
809,809,759,-24,759,-24,657,-753
810,810,781,-1,781,-1,690,-657
811,811,820,13,820,13,737,-597
812,812,1321,165,1321,165,1300,-43
813,813,1345,184,1345,184,1328,12
814,814,1365,190,1365,190,1350,30
815,815,1358,176,1358,176,1340,-10
816,816,1336,225,1336,225,1329,124
817,817,1359,203,1359,203,1346,65
818,818,1353,201,1353,201,1340,58
819,819,1375,217,1375,217,1365,102
820,820,1349,221,1349,221,1340,113
821,821,1331,187,1331,187,1315,20
822,822,1362,238,1362,238,1357,156
823,823,1327,215,1327,215,1317,97
824,824,1314,183,1314,183,1297,9
825,825,1308,195,1308,195,1293,42
826,826,1303,187,1303,187,1287,20
827,827,1356,326,1356,326,1364,356
828,828,1670,977,1670,977,1566,475
829,829,2451,1050,2451,1050,2222,56
830,830,1829,1038,1829,1038,1683,323
831,831,1571,790,1571,790,1537,689
832,832,1567,570,1567,570,1571,669
833,833,1481,443,1481,443,1493,549
834,834,1374,358,1374,358,1385,418
835,835,1383,351,1383,351,1393,405
836,836,1327,261,1327,261,1325,214
837,837,1330,321,1330,321,1337,347
838,838,1412,342,1412,342,1420,385
839,839,1340,317,1340,317,1347,338
840,840,1390,333,1390,333,1398,369
841,841,1390,285,1390,285,1392,268
842,842,1398,291,1398,291,1401,279
843,843,1407,252,1407,252,1403,189
844,844,1394,328,1394,328,1401,359
845,845,1410,275,1410,275,1410,243
846,846,1348,265,1348,265,1347,222
847,847,1372,270,1372,270,1372,233
848,848,1336,273,1336,273,1336,241
849,849,1352,269,1352,269,1352,231
850,850,1378,284,1378,284,1380,266
851,851,1308,295,1308,295,1312,292
852,852,1328,286,1328,286,1331,271
853,853,1333,304,1333,304,1337,311
854,854,1338,290,1338,290,1341,279
855,855,1339,297,1339,297,1343,296
856,856,1333,317,1333,317,1340,338
857,857,1334,326,1334,326,1342,357
858,858,1325,335,1325,335,1334,376
859,859,1318,314,1318,314,1324,334
860,860,1279,257,1279,257,1277,203
861,861,1281,307,1281,307,1287,319
862,862,1322,269,1322,269,1321,233
863,863,1299,262,1299,262,1297,215
864,864,1366,246,1366,246,1362,175
865,865,1370,301,1370,301,1374,303
866,866,1333,288,1333,288,1336,277
867,867,1326,272,1326,272,1326,238
868,868,1376,175,1376,175,1358,-14
869,869,1352,196,1352,196,1339,44
870,870,1353,206,1353,206,1341,72
871,871,1384,170,1384,170,1364,-29
872,872,1370,230,1370,230,1363,136
873,873,1354,255,1354,255,1351,197
874,874,1361,234,1361,234,1355,146
875,875,1332,240,1332,240,1327,160
876,876,1338,193,1338,193,1324,38
877,877,1375,219,1375,219,1366,106
878,878,1359,194,1359,194,1345,41
879,879,1368,217,1368,217,1359,103
880,880,1379,183,1379,183,1363,8
881,881,1327,191,1327,191,1312,31
882,882,1325,184,1325,184,1309,13
883,883,1334,211,1334,211,1323,87
884,884,1341,264,1341,264,1340,220
885,885,1303,247,1303,247,1299,180
886,886,1334,233,1334,233,1328,144
887,887,1349,248,1349,248,1346,182
888,888,1337,238,1337,238,1332,157
889,889,1372,259,1372,259,1370,206
890,890,1339,239,1339,239,1334,160
891,891,1387,216,1387,216,1378,98
892,892,1339,255,1339,255,1336,198
893,893,1366,235,1366,235,1360,149
894,894,1346,224,1346,224,1338,120
895,895,1360,202,1360,202,1347,62
896,896,1372,230,1372,230,1365,136
897,897,1363,228,1363,228,1356,129
898,898,1373,232,1373,232,1366,139
899,899,1374,242,1374,242,1369,165
900,900,1493,197,1493,197,1480,46
901,901,1356,193,1356,193,1342,37
902,902,1363,183,1363,183,1346,8
903,903,1381,188,1381,188,1366,22
904,904,1377,183,1377,183,1360,8
905,905,1335,152,1335,152,1311,-81
906,906,1375,183,1375,183,1358,8
907,907,1349,206,1349,206,1337,72
908,908,1356,206,1356,206,1344,72
909,909,1353,185,1353,185,1337,16
910,910,1358,228,1358,228,1350,130
911,911,1378,216,1378,216,1368,99
912,912,1354,198,1354,198,1341,51
913,913,1343,184,1343,184,1327,12
914,914,1347,147,1347,147,1322,-96
915,915,1386,216,1386,216,1376,99
916,916,1335,137,1335,137,1308,-127
917,917,1379,184,1379,184,1363,11
918,918,1357,221,1357,221,1348,113
919,919,1331,156,1331,156,1308,-69
920,920,1321,135,1321,135,1293,-131
921,921,1365,234,1365,234,1359,146
922,922,1297,160,1297,160,1274,-57
923,923,1281,224,1281,224,1273,122
924,924,820,271,820,271,816,224
925,925,685,223,685,223,666,85
926,926,671,239,671,239,655,126
927,927,669,231,669,231,651,105
928,928,597,218,597,218,573,58
929,929,627,228,627,228,607,90
930,930,572,209,572,209,545,29
931,931,567,247,567,247,550,136
932,932,580,198,580,198,550,0
933,933,563,220,563,220,539,61
934,934,548,209,548,209,521,26
935,935,550,205,550,205,521,15
936,936,546,192,546,192,513,-23
937,937,520,221,520,221,494,56
938,938,517,204,517,204,487,7
939,939,447,791,447,791,458,800
940,940,957,918,957,918,925,694
941,941,932,846,932,846,920,756
942,942,438,692,438,692,460,794
943,943,250,643,250,643,273,758
944,944,410,274,410,274,393,184
945,945,459,137,459,137,405,-209
946,946,463,154,463,154,415,-154
947,947,512,133,512,133,459,-214
948,948,508,171,508,171,467,-95
949,949,497,138,497,138,445,-199
950,950,509,127,509,127,453,-236
951,951,532,118,532,118,474,-262
952,952,572,52,572,52,491,-489
953,953,546,42,546,42,460,-532
954,954,584,71,584,71,512,-417
955,955,583,52,583,52,503,-488
956,956,585,63,585,63,510,-445
957,957,561,17,561,17,465,-624
958,958,538,30,538,30,447,-578
959,959,562,-20,562,-20,450,-773
960,960,574,21,574,21,481,-607
961,961,605,-10,605,-10,500,-724
962,962,583,-15,583,-15,475,-749
963,963,561,-19,561,-19,450,-768
964,964,558,38,558,38,471,-545
965,965,560,63,560,63,484,-448
966,966,598,45,598,45,516,-509
967,967,607,36,607,36,522,-542
968,968,588,43,588,43,505,-521
969,969,574,22,574,22,481,-602
970,970,610,1,610,1,511,-677
971,971,638,-16,638,-16,533,-740
972,972,549,13,549,13,452,-641
973,973,628,-35,628,-35,514,-821
974,974,676,28,676,28,592,-561
975,975,726,83,726,83,665,-352
976,976,548,35,548,35,460,-556
977,977,651,16,651,16,561,-610
978,978,558,-1,558,-1,455,-696
979,979,700,17,700,17,613,-597
980,980,512,129,512,129,457,-226
981,981,492,164,492,164,448,-117
982,982,544,136,544,136,494,-200
983,983,538,91,538,91,471,-355
984,984,633,180,633,180,600,-47
985,985,570,274,570,274,560,207
986,986,578,267,578,267,566,188
987,987,643,266,643,266,634,195
988,988,653,302,653,302,651,284
989,989,567,240,567,240,549,115
990,990,543,287,543,287,535,236
991,991,530,295,530,295,523,254
992,992,534,239,534,239,514,108
993,993,484,257,484,257,466,150
994,994,479,266,479,266,463,173
995,995,507,234,507,234,484,90
996,996,521,255,521,255,505,151
997,997,506,259,506,259,490,160
998,998,534,273,534,273,522,200
999,999,495,172,495,172,454,-92
1000,1000,556,195,556,195,524,-14
1001,1001,556,273,556,273,545,202
1002,1002,496,199,496,199,463,-11
1003,1003,497,176,497,176,457,-80
1004,1004,531,269,531,269,518,189
1005,1005,495,209,495,209,465,20
1006,1006,480,187,480,187,443,-47
1007,1007,478,186,478,186,441,-52
1008,1008,434,247,434,247,412,116
1009,1009,559,165,559,165,519,-104
1010,1010,540,80,540,80,469,-391
1011,1011,527,168,527,168,486,-100
1012,1012,602,233,602,233,583,102
1013,1013,569,179,569,179,533,-59
1014,1014,590,238,590,238,571,114
1015,1015,602,183,602,183,569,-43
1016,1016,567,160,567,160,525,-119
1017,1017,605,187,605,187,573,-31
1018,1018,546,169,546,169,506,-93
1019,1019,574,210,574,210,547,33
1020,1020,562,234,562,234,541,101
1021,1021,602,202,602,202,575,14
1022,1022,628,114,628,114,574,-257
1023,1023,643,166,643,166,606,-89
1024,1024,614,242,614,242,597,127
1025,1025,637,252,637,252,624,157
1026,1026,629,274,629,274,620,213
1027,1027,586,230,586,230,566,93
1028,1028,638,233,638,233,620,105
1029,1029,610,225,610,225,589,81
1030,1030,592,200,592,200,564,6
1031,1031,597,163,597,163,557,-103
1032,1032,592,178,592,178,557,-60
1033,1033,576,185,576,185,543,-38
1034,1034,603,178,603,178,569,-58
1035,1035,578,175,578,175,542,-69
1036,1036,556,161,556,161,514,-116
1037,1037,537,165,537,165,495,-107
1038,1038,573,214,573,214,547,44
1039,1039,233,125,233,125,160,-298
1040,1040,165,173,165,173,105,-155
1041,1041,193,61,193,61,92,-538
1042,1042,196,48,196,48,89,-587
1043,1043,166,39,166,39,53,-629
1044,1044,177,11,177,11,51,-739
1045,1045,148,40,148,40,34,-628
1046,1046,154,31,154,31,37,-662
1047,1047,157,-25,157,-25,13,-893
1048,1048,174,-24,174,-24,32,-883
1049,1049,160,-1,160,-1,29,-790
1050,1050,139,-12,139,-12,-1,-844
1051,1051,107,-46,107,-46,-52,-995
1052,1052,179,-72,179,-72,13,-1090
1053,1053,124,-83,124,-83,-54,-1157
1054,1054,135,-65,135,-65,-32,-1073
1055,1055,136,-119,136,-119,-60,-1322
1056,1056,113,-120,113,-120,-87,-1334
1057,1057,96,-141,96,-141,-117,-1439
1058,1058,93,-137,93,-137,-118,-1421
1059,1059,168,-61,168,-61,7,-1047
1060,1060,146,-63,146,-63,-18,-1058
1061,1061,136,-66,136,-66,-31,-1078
1062,1062,164,-123,164,-123,-32,-1332
1063,1063,142,-138,142,-138,-65,-1413
1064,1064,186,-163,186,-163,-31,-1521
1065,1065,120,-150,120,-150,-96,-1476
1066,1066,215,-152,215,-152,7,-1455
1067,1067,148,-183,148,-183,-85,-1635
1068,1068,155,-204,155,-204,-90,-1739
1069,1069,192,-164,192,-164,-26,-1525
1070,1070,162,-149,162,-149,-49,-1457
1071,1071,142,-154,142,-154,-74,-1488
1072,1072,170,-153,170,-153,-42,-1474
1073,1073,165,-148,165,-148,-45,-1450
1074,1074,161,-160,161,-160,-57,-1515
1075,1075,157,-175,157,-175,-70,-1587
1076,1076,155,-182,155,-182,-76,-1627
1077,1077,154,-167,154,-167,-69,-1549
1078,1078,163,-169,163,-169,-60,-1559
1079,1079,184,-122,184,-122,-10,-1321
1080,1080,205,-136,205,-136,5,-1383
1081,1081,204,-184,204,-184,-24,-1619
1082,1082,194,-193,194,-193,-41,-1668
1083,1083,186,-203,186,-203,-56,-1723
1084,1084,198,-213,198,-213,-49,-1774
1085,1085,166,-153,166,-153,-47,-1475
1086,1086,132,-177,132,-177,-99,-1607
1087,1087,156,-198,156,-198,-86,-1706
1088,1088,143,-137,143,-137,-63,-1406
1089,1089,104,-103,104,-103,-86,-1258
1090,1090,93,-174,93,-174,-140,-1606
1091,1091,79,-214,79,-214,-181,-1816
1092,1092,132,-69,132,-69,-37,-1091
1093,1093,119,-106,119,-106,-71,-1266
1094,1094,155,-96,155,-96,-27,-1208
1095,1095,163,-77,163,-77,-7,-1117
1096,1096,148,-92,148,-92,-32,-1192
1097,1097,123,-76,123,-76,-51,-1128
1098,1098,191,-91,191,-91,16,-1174
1099,1099,169,-105,169,-105,-16,-1246
1100,1100,187,-114,187,-114,-2,-1283
1101,1101,188,-158,188,-158,-26,-1494
1102,1102,125,-119,125,-119,-72,-1325
1103,1103,139,-117,139,-117,-55,-1308
1104,1104,138,-156,138,-156,-80,-1502
1105,1105,180,-134,180,-134,-20,-1377
1106,1106,175,-126,175,-126,-21,-1342
1107,1107,173,-119,173,-119,-20,-1311
1108,1108,178,-139,178,-139,-25,-1403
1109,1109,162,-117,162,-117,-31,-1302
1110,1110,165,-104,165,-104,-20,-1241
1111,1111,123,-38,123,-38,-31,-957
1112,1112,119,-17,119,-17,-25,-870
1113,1113,135,-20,135,-20,-8,-877
1114,1114,136,-33,136,-33,-14,-932
1115,1115,120,-37,120,-37,-33,-952
1116,1116,152,2,152,2,21,-781
1117,1117,131,1,131,1,-2,-792
1118,1118,133,-7,133,-7,-4,-823
1119,1119,130,-21,130,-21,-15,-884
1120,1120,126,-26,126,-26,-21,-906
1121,1121,107,-38,107,-38,-47,-961
1122,1122,87,-9,87,-9,-55,-846
1123,1123,85,-54,85,-54,-80,-1040
1124,1124,87,-48,87,-48,-75,-1012
1125,1125,215,-165,215,-165,0,-1519
1126,1126,175,-168,175,-168,-47,-1550
1127,1127,198,-94,198,-94,22,-1184
1128,1128,170,-150,170,-150,-41,-1461
1129,1129,134,-114,134,-114,-60,-1298
1130,1130,251,-99,251,-99,76,-1194
1131,1131,206,-95,206,-95,30,-1188
1132,1132,226,-117,226,-117,39,-1285
1133,1133,193,-95,193,-95,15,-1192
1134,1134,246,-104,246,-104,68,-1219
1135,1135,224,-86,224,-86,54,-1142
1136,1136,231,-106,231,-106,51,-1229
1137,1137,180,-78,180,-78,10,-1119
1138,1138,129,-110,129,-110,-63,-1281
1139,1139,152,-118,152,-118,-42,-1311
1140,1140,139,-86,139,-86,-38,-1165
1141,1141,137,-96,137,-96,-46,-1213
1142,1142,184,-117,184,-117,-6,-1296
1143,1143,178,-119,178,-119,-14,-1310
1144,1144,184,-109,184,-109,-2,-1260
1145,1145,169,-110,169,-110,-19,-1270
1146,1146,199,-118,199,-118,9,-1298
1147,1147,166,-119,166,-119,-28,-1313
1148,1148,150,-120,150,-120,-45,-1324
1149,1149,559,-23,559,-23,446,-785
1150,1150,925,4,925,4,843,-615
1151,1151,928,26,928,26,855,-531
1152,1152,928,-14,928,-14,839,-686
1153,1153,918,75,918,75,862,-354
1154,1154,975,-72,975,-72,863,-920
1155,1155,926,30,926,30,854,-517
1156,1156,961,36,961,36,893,-490
1157,1157,949,-28,949,-28,855,-741
1158,1158,948,5,948,5,867,-608
1159,1159,984,-14,984,-14,897,-681
1160,1160,988,-31,988,-31,895,-747
1161,1161,953,-2,953,-2,869,-638
1162,1162,936,3,936,3,854,-619
1163,1163,961,67,961,67,904,-378
1164,1164,1014,657,1014,657,1031,774
1165,1165,1635,823,1635,823,1587,655
1166,1166,1266,765,1266,765,1257,752
1167,1167,990,574,990,574,1013,726
1168,1168,945,313,945,313,951,329
1169,1169,942,243,942,243,934,162
1170,1170,920,102,920,102,873,-261
1171,1171,903,74,903,74,846,-360
1172,1172,952,139,952,139,918,-138
1173,1173,919,159,919,159,889,-80
1174,1174,902,143,902,143,868,-129
1175,1175,917,124,917,124,878,-189
1176,1176,991,139,991,139,958,-135
1177,1177,939,112,939,112,896,-226
1178,1178,942,111,942,111,899,-230
1179,1179,959,104,959,104,915,-250
1180,1180,963,81,963,81,911,-328
1181,1181,962,86,962,86,912,-311
1182,1182,949,59,949,59,889,-407
1183,1183,991,63,991,63,934,-390
1184,1184,976,50,976,50,914,-437
1185,1185,981,60,981,60,922,-400
1186,1186,955,80,955,80,902,-334
1187,1187,977,88,977,88,928,-305
1188,1188,991,116,991,116,951,-210
1189,1189,996,148,996,148,966,-107
1190,1190,983,130,983,130,947,-164
1191,1191,994,90,994,90,946,-295
1192,1192,972,111,972,111,930,-228
1193,1193,946,102,946,102,901,-259
1194,1194,942,38,942,38,873,-487
1195,1195,922,33,922,33,851,-508
1196,1196,934,45,934,45,868,-459
1197,1197,934,43,934,43,867,-469
1198,1198,926,38,926,38,857,-488
1199,1199,941,45,941,45,875,-459
1200,1200,960,55,960,55,899,-420
1201,1201,944,25,944,25,870,-535
1202,1202,948,43,948,43,881,-467
1203,1203,944,50,944,50,881,-440
1204,1204,931,79,931,79,877,-340
1205,1205,952,28,952,28,881,-520
1206,1206,928,75,928,75,872,-354
1207,1207,940,13,940,13,862,-579
1208,1208,934,105,934,105,889,-252
1209,1209,934,71,934,71,878,-367
1210,1210,945,66,945,66,887,-384
1211,1211,1022,83,1022,83,972,-316
1212,1212,993,67,993,67,937,-376
1213,1213,941,29,941,29,869,-521
1214,1214,915,30,915,30,842,-518
1215,1215,983,87,983,87,934,-305
1216,1216,973,116,973,116,932,-211
1217,1217,948,92,948,92,899,-294
1218,1218,980,60,980,60,921,-400
1219,1219,944,92,944,92,895,-294
1220,1220,937,147,937,147,905,-114
1221,1221,940,171,940,171,915,-40
1222,1222,951,149,951,149,920,-105
1223,1223,949,121,949,121,910,-196
1224,1224,909,105,909,105,863,-254
1225,1225,956,62,956,62,897,-397
1226,1226,923,148,923,148,891,-111
1227,1227,920,84,920,84,867,-323
1228,1228,928,130,928,130,890,-168
1229,1229,934,108,934,108,890,-239
1230,1230,946,80,946,80,893,-334
1231,1231,973,86,973,86,923,-310
1232,1232,957,39,957,39,890,-481
1233,1233,961,16,961,16,885,-567
1234,1234,947,57,947,57,886,-416
1235,1235,967,46,967,46,903,-452
1236,1236,978,82,978,82,927,-323
1237,1237,978,54,978,54,917,-423
1238,1238,920,3,920,3,837,-621
1239,1239,928,8,928,8,848,-600
1240,1240,942,7,942,7,862,-604
1241,1241,943,53,943,53,880,-430
1242,1242,966,23,966,23,893,-538
1243,1243,971,6,971,6,892,-601
1244,1244,972,48,972,48,908,-447
1245,1245,957,55,957,55,896,-420
1246,1246,968,71,968,71,912,-364
1247,1247,962,71,962,71,907,-364
1248,1248,1003,73,1003,73,949,-352
1249,1249,972,84,972,84,921,-319
1250,1250,967,73,967,73,912,-355
1251,1251,940,72,940,72,884,-362
1252,1252,946,81,946,81,894,-330
1253,1253,953,41,953,41,887,-472
1254,1254,957,77,957,77,904,-342
1255,1255,903,80,903,80,849,-338
1256,1256,919,74,919,74,863,-359
1257,1257,956,77,956,77,902,-342
1258,1258,950,99,950,99,904,-268
1259,1259,954,50,954,50,891,-439
1260,1260,973,21,973,21,899,-547
1261,1261,984,45,984,45,920,-455
1262,1262,972,49,972,49,909,-442
1263,1263,970,59,970,59,910,-405
1264,1264,703,204,703,204,680,33
1265,1265,668,221,668,221,648,76
1266,1266,658,213,658,213,635,54
1267,1267,674,225,674,225,655,88
1268,1268,597,230,597,230,577,94
1269,1269,623,270,623,270,613,202
1270,1270,589,309,589,309,587,293
1271,1271,570,290,570,290,563,245
1272,1272,565,265,565,265,553,183
1273,1273,595,306,595,306,592,288
1274,1274,586,308,586,308,584,290
1275,1275,566,310,566,310,563,294
1276,1276,544,294,544,294,537,252
1277,1277,543,322,543,322,542,319
1278,1278,546,322,546,322,545,319
1279,1279,544,275,544,275,533,204
1280,1280,542,285,542,285,533,230
1281,1281,545,277,545,277,535,211
1282,1282,513,236,513,236,491,98
1283,1283,571,243,571,243,553,126
1284,1284,548,236,548,236,527,102
1285,1285,528,269,528,269,515,189
1286,1286,499,254,499,254,481,145
1287,1287,529,251,529,251,512,142
1288,1288,570,236,570,236,550,105
1289,1289,556,200,556,200,526,1
1290,1290,581,234,581,234,561,103
1291,1291,548,222,548,222,524,63
1292,1292,521,246,521,246,502,127
1293,1293,521,227,521,227,497,74
1294,1294,496,241,496,241,475,110
1295,1295,515,267,515,267,501,181
1296,1296,529,286,529,286,520,231
1297,1297,511,272,511,272,499,194
1298,1298,507,249,507,249,488,132
1299,1299,533,280,533,280,523,216
1300,1300,506,259,506,259,490,160
1301,1301,494,247,494,247,474,124
1302,1302,525,271,525,271,513,192
1303,1303,514,294,514,294,507,249
1304,1304,529,228,529,228,506,79
1305,1305,549,254,549,254,533,151
1306,1306,536,271,536,271,524,193
1307,1307,540,241,540,241,520,116
1308,1308,557,228,557,228,535,82
1309,1309,539,218,539,218,514,51
1310,1310,521,273,521,273,509,198
1311,1311,553,237,553,237,533,107
1312,1312,561,241,561,241,542,118
1313,1313,564,265,564,265,551,183
1314,1314,563,231,563,231,541,90
1315,1315,511,207,511,207,480,14
1316,1316,548,240,548,240,528,113
1317,1317,562,223,562,223,539,68
1318,1318,562,227,562,227,540,79
1319,1319,550,247,550,247,533,134
1320,1320,529,226,529,226,505,72
1321,1321,554,245,554,245,536,128
1322,1322,538,224,538,224,515,69
1323,1323,525,230,525,230,502,82
1324,1324,530,263,530,263,516,173
1325,1325,495,247,495,247,476,124
1326,1326,587,292,587,292,581,253
1327,1327,563,287,563,287,555,238
1328,1328,557,268,557,268,545,189
1329,1329,589,283,589,283,581,231
1330,1330,599,302,599,302,596,279
1331,1331,590,278,590,278,581,219
1332,1332,561,241,561,241,542,118
1333,1333,591,261,591,261,579,176
1334,1334,577,291,577,291,571,249
1335,1335,583,276,583,276,573,211
1336,1336,570,276,570,276,560,210
1337,1337,556,289,556,289,548,241
1338,1338,529,254,529,254,513,149
1339,1339,545,254,545,254,529,151
1340,1340,538,291,538,291,530,245
1341,1341,596,290,596,290,590,248
1342,1342,589,300,589,300,585,272
1343,1343,569,267,569,267,558,187
1344,1344,525,255,525,255,509,152
1345,1345,525,289,525,289,517,237
1346,1346,488,302,488,302,482,265
1347,1347,520,242,520,242,500,117
1348,1348,576,294,576,294,570,255
1349,1349,496,239,496,239,475,103
1350,1350,653,52,653,52,577,-473
1351,1351,584,194,584,194,553,-11
1352,1352,557,196,557,196,526,-10
1353,1353,557,196,557,196,526,-10
1354,1354,557,196,557,196,526,-10
1355,1355,541,206,541,206,512,18
1356,1356,570,272,570,272,559,200
1357,1357,546,265,546,265,533,181
1358,1358,558,283,558,283,550,228
1359,1359,546,250,546,250,529,141
1360,1360,554,268,554,268,542,189
1361,1361,578,308,578,308,576,289
1362,1362,586,266,586,266,575,189
1363,1363,575,260,575,260,561,171
1364,1364,579,231,579,231,559,92
1365,1365,582,268,582,268,571,192
1366,1366,573,243,573,243,556,126
1367,1367,614,264,614,264,603,185
1368,1368,628,266,628,266,618,193
1369,1369,601,261,601,261,589,177
1370,1370,605,270,605,270,595,201
1371,1371,583,265,583,265,571,185
1372,1372,641,273,641,273,633,211
1373,1373,602,266,602,266,591,190
1374,1374,625,278,625,278,617,222
1375,1375,632,248,632,248,618,147
1376,1376,669,292,669,292,666,261
1377,1377,632,251,632,251,619,153
1378,1378,772,212,772,212,753,64
1379,1379,816,174,816,174,788,-44
1380,1380,864,198,864,198,844,31
1381,1381,853,176,853,176,827,-34
1382,1382,853,230,853,230,840,120
1383,1383,873,200,873,200,854,39
1384,1384,911,230,911,230,900,123
1385,1385,922,228,922,228,911,120
1386,1386,936,238,936,238,927,148
1387,1387,920,202,920,202,903,49
1388,1388,924,218,924,218,911,92
1389,1389,941,210,941,210,925,72
1390,1390,972,165,972,165,946,-57
1391,1391,948,200,948,200,930,43
1392,1392,938,197,938,197,920,35
1393,1393,885,246,885,246,877,166
1394,1394,1012,772,1012,772,1012,781
1395,1395,1410,891,1410,891,1358,646
1396,1396,1342,916,1342,916,1287,633
1397,1397,904,568,904,568,929,724
1398,1398,923,469,923,469,946,611
1399,1399,888,325,888,325,895,353
1400,1400,935,246,935,246,928,168
1401,1401,900,280,900,280,899,250
1402,1402,903,226,903,226,890,112
1403,1403,894,200,894,200,875,40
1404,1404,872,195,872,195,852,24
1405,1405,906,240,906,240,898,150
1406,1406,918,238,918,238,908,147
1407,1407,930,254,930,254,924,188
1408,1408,937,259,937,259,933,201
1409,1409,932,282,932,282,932,258
1410,1410,925,244,925,244,917,161
1411,1411,941,252,941,252,935,185
1412,1412,990,232,990,232,980,133
1413,1413,961,242,961,242,954,159
1414,1414,938,192,938,192,918,21
1415,1415,958,224,958,224,947,111
1416,1416,969,176,969,176,946,-23
1417,1417,902,233,902,233,891,133
1418,1418,967,234,967,234,958,139
1419,1419,959,183,959,183,938,-4
1420,1420,960,233,960,233,951,135
1421,1421,1032,123,1032,123,995,-182
1422,1422,1148,191,1148,191,1132,28
1423,1423,1112,208,1112,208,1099,74
1424,1424,1032,202,1032,202,1016,54
1425,1425,982,187,982,187,962,8
1426,1426,889,198,889,198,870,33
1427,1427,816,170,816,170,787,-56
1428,1428,835,136,835,136,796,-159
1429,1429,859,144,859,144,823,-132
1430,1430,962,107,962,107,919,-241
1431,1431,928,44,928,44,862,-464
1432,1432,1095,105,1095,105,1054,-238
1433,1433,985,35,985,35,917,-493
1434,1434,966,-11,966,-11,879,-672
1435,1435,969,16,969,16,894,-567
1436,1436,1029,52,1029,52,969,-424
1437,1437,1108,79,1108,79,1059,-324
1438,1438,1091,51,1091,51,1032,-425
1439,1439,1021,110,1021,110,980,-225
1440,1440,1201,135,1201,135,1171,-136
1441,1441,1087,284,1087,284,1089,267
1442,1442,1088,322,1088,322,1097,353
1443,1443,690,817,690,817,693,788
1444,1444,1197,729,1197,729,1197,768
1445,1445,916,707,916,707,930,792
1446,1446,791,547,791,547,817,705
1447,1447,899,477,899,477,922,622
1448,1448,773,327,773,327,779,351
1449,1449,936,276,936,276,935,242
1450,1450,955,309,955,309,960,321
1451,1451,1062,226,1062,226,1052,122
1452,1452,1075,366,1075,366,1089,442
1453,1453,1089,334,1089,334,1099,378
1454,1454,988,319,988,319,995,345
1455,1455,1077,223,1077,223,1067,115
1456,1456,1117,195,1117,195,1101,38
1457,1457,1053,332,1053,332,1062,373
1458,1458,952,246,952,246,945,169
1459,1459,972,263,972,263,969,212
1460,1460,958,221,958,221,946,104
1461,1461,999,165,999,165,973,-56
1462,1462,1108,300,1108,300,1113,305
1463,1463,1077,360,1077,360,1090,430
1464,1464,1165,353,1165,353,1177,415
1465,1465,1101,385,1101,385,1117,477
1466,1466,1039,334,1039,334,1049,378
1467,1467,1019,352,1019,352,1032,415
1468,1468,1083,338,1083,338,1093,386
1469,1469,1166,340,1166,340,1177,390
1470,1470,1083,308,1083,308,1089,323
1471,1471,1185,426,1185,426,1203,543
1472,1472,1026,291,1026,291,1029,281
1473,1473,1046,276,1046,276,1046,248
1474,1474,1011,405,1011,405,1029,513
1475,1475,1124,385,1124,385,1139,477
1476,1476,1066,485,1066,485,1088,630
1477,1477,1075,427,1075,427,1095,547
1478,1478,1071,356,1071,356,1084,422
1479,1479,1040,350,1040,350,1052,409
1480,1480,1045,284,1045,284,1047,266
1481,1481,1077,340,1077,340,1088,391
1482,1482,1041,243,1041,243,1034,165
1483,1483,1132,274,1132,274,1133,246
1484,1484,1087,235,1087,235,1080,146
1485,1485,1042,203,1042,203,1027,58
1486,1486,1184,189,1184,189,1168,24
1487,1487,1022,195,1022,195,1005,36
1488,1488,966,193,966,193,947,26
1489,1489,914,110,914,110,869,-236
1490,1490,917,156,917,156,887,-88
1491,1491,990,131,990,131,955,-160
1492,1492,860,139,860,139,823,-148
1493,1493,885,174,885,174,859,-35
1494,1494,801,150,801,150,765,-117
1495,1495,764,143,764,143,725,-145
1496,1496,793,100,793,100,741,-282
1497,1497,857,104,857,104,809,-262
1498,1498,835,137,835,137,796,-155
1499,1499,749,123,749,123,702,-213
1500,1500,819,59,819,59,754,-424
1501,1501,817,145,817,145,781,-132
1502,1502,855,130,855,130,815,-178
1503,1503,881,232,881,232,870,128
1504,1504,859,101,859,101,810,-271
1505,1505,896,80,896,80,841,-338
1506,1506,857,96,857,96,806,-289
1507,1507,833,157,833,157,801,-94
1508,1508,809,224,809,224,794,99
1509,1509,703,142,703,142,661,-155
1510,1510,759,231,759,231,745,113
1511,1511,815,176,815,176,788,-37
1512,1512,773,209,773,209,753,53
1513,1513,731,219,731,219,712,79
1514,1514,743,217,743,217,724,73
1515,1515,751,227,751,227,735,102
1516,1516,690,205,690,205,667,35
1517,1517,688,190,688,190,660,-10
1518,1518,714,188,714,188,687,-11
1519,1519,792,148,792,148,756,-126
1520,1520,792,169,792,169,762,-62
1521,1521,735,223,735,223,718,90
1522,1522,792,183,792,183,766,-19
1523,1523,731,188,731,188,704,-10
1524,1524,685,129,685,129,638,-199
1525,1525,686,158,686,158,648,-108
1526,1526,692,115,692,115,641,-245
1527,1527,737,98,737,98,682,-297
1528,1528,754,123,754,123,708,-212
1529,1529,679,165,679,165,644,-85
1530,1530,728,112,728,112,678,-250
1531,1531,717,152,717,152,679,-121
1532,1532,726,157,726,157,690,-104
1533,1533,724,148,724,148,685,-132
1534,1534,677,120,677,120,627,-230
1535,1535,713,134,713,134,669,-179
1536,1536,700,177,700,177,668,-47
1537,1537,764,179,764,179,736,-33
1538,1538,703,191,703,191,676,-5
1539,1539,715,182,715,182,686,-30
1540,1540,740,179,740,179,711,-36
1541,1541,753,220,753,220,736,84
1542,1542,730,134,730,134,687,-177
1543,1543,714,159,714,159,678,-101
1544,1544,706,154,706,154,668,-118
1545,1545,705,159,705,159,669,-102
1546,1546,694,83,694,83,632,-355
1547,1547,717,145,717,145,676,-146
1548,1548,696,153,696,153,658,-123
1549,1549,775,126,775,126,731,-198
1550,1550,779,102,779,102,727,-279
1551,1551,754,117,754,117,706,-230
1552,1552,758,155,758,155,722,-109
1553,1553,772,164,772,164,740,-79
1554,1554,749,161,749,161,715,-90
1555,1555,759,166,759,166,727,-73
1556,1556,783,135,783,135,742,-168
1557,1557,778,157,778,157,743,-99
1558,1558,773,196,773,196,750,17
1559,1559,778,223,778,223,762,93
1560,1560,770,183,770,183,743,-21
1561,1561,767,198,767,198,744,24
1562,1562,698,721,698,721,715,802
1563,1563,1285,927,1285,927,1231,632
1564,1564,1335,822,1335,822,1308,716
1565,1565,1034,831,1034,831,1021,754
1566,1566,831,580,831,580,856,735
1567,1567,786,511,786,511,811,665
1568,1568,803,426,803,426,823,543
1569,1569,772,306,772,306,774,305
1570,1570,793,305,793,305,795,303
1571,1571,768,247,768,247,757,158
1572,1572,788,259,788,259,781,190
1573,1573,754,267,754,267,747,207
1574,1574,821,296,821,296,822,283
1575,1575,747,120,747,120,700,-222
1576,1576,801,132,801,132,760,-174
1577,1577,797,114,797,114,750,-234
1578,1578,774,113,774,113,726,-240
1579,1579,798,109,798,109,749,-251
1580,1580,814,121,814,121,770,-211
1581,1581,808,118,808,118,763,-220
1582,1582,769,112,769,112,720,-245
1583,1583,780,108,780,108,730,-257
1584,1584,789,99,789,99,736,-287
1585,1585,768,102,768,102,716,-280
1586,1586,756,77,756,77,695,-366
1587,1587,797,121,797,121,752,-212
1588,1588,798,111,798,111,750,-246
1589,1589,774,86,774,86,716,-333
1590,1590,789,100,789,100,737,-282
1591,1591,822,122,822,122,779,-206
1592,1592,800,77,800,77,740,-361
