,frame,ridge_x,ridge_y,lin_x,lin_y,poly_x,poly_y
0,0,1205,179,1205,179,1200,192
1,1,986,495,986,495,1045,556
2,2,1060,450,1060,450,1115,507
3,3,944,413,944,413,1002,477
4,4,920,170,920,170,941,205
5,5,983,257,983,257,1020,305
6,6,1073,226,1073,226,1096,263
7,7,1052,230,1052,230,1078,269
8,8,1044,295,1044,295,1083,344
9,9,912,284,912,284,958,339
10,10,565,1101,565,1101,406,988
11,11,864,1301,864,1301,619,1083
12,12,888,989,888,989,830,940
13,13,613,799,613,799,604,810
14,14,627,579,627,579,672,633
15,15,795,504,795,504,854,569
16,16,740,546,740,546,795,608
17,17,792,503,792,503,851,569
18,18,663,360,663,360,720,421
19,19,540,729,540,729,544,751
20,20,2295,1837,2295,1837,1645,838
21,21,1260,1409,1260,1409,977,1090
22,22,2332,1749,2332,1749,1758,823
23,23,515,714,515,714,521,737
24,24,534,384,534,384,587,437
25,25,324,416,324,416,359,445
26,26,478,280,478,280,523,320
27,27,449,276,449,276,492,312
28,28,508,313,508,313,557,359
29,29,614,401,614,401,671,461
30,30,774,196,774,196,809,238
31,31,624,188,624,188,660,224
32,32,706,3,706,3,688,-8
33,33,122,936,122,936,-34,829
34,34,100,946,100,946,-67,830
35,35,838,1538,838,1538,391,1141
36,36,1211,969,1211,969,1176,907
37,37,542,574,542,574,581,623
38,38,614,364,614,364,669,423
39,39,848,372,848,372,906,436
40,40,962,9,962,9,926,-3
41,41,912,486,912,486,973,550
42,42,939,802,939,802,953,817
43,43,932,453,932,453,992,517
44,44,543,282,543,282,591,328
45,45,762,-13,762,-13,734,-29
46,46,820,-146,820,-146,728,-215
47,47,1159,-39,1159,-39,1076,-85
48,48,910,-102,910,-102,830,-154
49,49,1064,-16,1064,-16,1005,-44
50,50,326,28,326,28,318,-7
51,51,435,-33,435,-33,411,-75
52,52,324,-189,324,-189,236,-312
53,53,454,-181,454,-181,368,-284
54,54,457,-109,457,-109,403,-179
55,55,456,-26,456,-26,434,-64
56,56,401,69,401,69,407,56
57,57,283,103,283,103,291,83
58,58,672,167,672,167,703,201
59,59,715,106,715,106,730,127
60,60,1026,85,1026,85,1012,93
61,61,969,241,969,241,1004,287
62,62,952,434,952,434,1011,497
63,63,879,633,879,633,928,686
64,64,968,1028,968,1028,898,960
65,65,144,896,144,896,14,809
66,66,-216,442,-216,442,-276,343
67,67,1250,381,1250,381,1284,415
68,68,1093,229,1093,229,1115,264
69,69,1397,52,1397,52,1313,1
70,70,1420,522,1420,522,1447,530
71,71,1266,444,1266,444,1305,478
72,72,1245,515,1245,515,1290,551
73,73,1252,408,1252,408,1290,444
74,74,1365,454,1365,454,1394,473
75,75,1228,396,1228,396,1267,434
76,76,1312,315,1312,315,1327,335
77,77,1237,322,1237,322,1263,353
78,78,919,203,919,203,948,245
79,79,970,376,970,376,1025,437
80,80,631,342,631,342,687,400
81,81,614,218,614,218,655,259
82,82,775,249,775,249,820,301
83,83,1027,362,1027,362,1078,418
84,84,812,192,812,192,845,234
85,85,847,217,847,217,884,263
86,86,872,196,872,196,903,238
87,87,1001,197,1001,197,1023,234
88,88,1046,290,1046,290,1085,338
89,89,724,243,724,243,769,292
90,90,807,289,807,289,857,346
91,91,799,320,799,320,853,381
92,92,963,432,963,432,1021,495
93,93,873,274,873,274,918,328
94,94,801,341,801,341,857,403
95,95,829,339,829,339,885,402
96,96,601,272,601,272,649,320
97,97,650,258,650,258,698,307
98,98,684,307,684,307,737,364
99,99,603,342,603,342,657,398
100,100,872,393,872,393,931,458
101,101,874,257,874,257,917,309
102,102,731,247,731,247,776,298
103,103,746,112,746,112,762,135
104,104,1017,392,1017,392,1071,450
105,105,1045,483,1045,483,1101,541
106,106,1143,276,1143,276,1170,313
107,107,1122,324,1122,324,1160,369
108,108,974,246,974,246,1009,292
109,109,1024,269,1024,269,1061,316
110,110,592,239,592,239,636,283
111,111,841,331,841,331,895,392
112,112,1040,188,1040,188,1056,220
113,113,827,57,827,57,821,66
114,114,971,221,971,221,1001,263
115,115,871,274,871,274,917,328
116,116,798,273,798,273,847,328
117,117,711,324,711,324,766,383
118,118,741,347,741,347,799,410
119,119,717,226,717,226,759,273
120,120,860,167,860,167,884,203
121,121,647,192,647,192,684,230
122,122,713,244,713,244,758,293
123,123,731,143,731,143,755,174
124,124,670,178,670,178,704,215
125,125,751,193,751,193,786,235
126,126,549,178,549,178,582,207
127,127,537,161,537,161,567,185
128,128,585,196,585,196,622,231
129,129,687,191,687,191,723,231
130,130,726,331,726,331,781,392
131,131,627,360,627,360,683,418
132,132,564,349,564,349,617,402
133,133,605,284,605,284,654,334
134,134,676,253,676,253,722,303
135,135,574,173,574,173,607,204
136,136,577,275,577,275,625,322
137,137,415,372,415,372,460,412
138,138,671,328,671,328,726,386
139,139,733,226,733,226,775,273
140,140,771,219,771,219,810,265
141,141,727,239,727,239,771,288
142,142,761,175,761,175,792,213
143,143,574,121,574,121,595,140
144,144,700,137,700,137,724,165
145,145,768,128,768,128,787,155
146,146,902,70,902,70,894,80
147,147,795,126,795,126,812,153
148,148,903,218,903,218,937,263
149,149,974,139,974,139,982,165
150,150,701,328,701,328,757,387
151,151,818,360,818,360,876,424
152,152,1055,277,1055,277,1090,323
153,153,1005,198,1005,198,1027,234
154,154,939,206,939,206,968,247
155,155,966,298,966,298,1011,352
156,156,1181,479,1181,479,1230,524
157,157,1002,496,1002,496,1060,556
158,158,854,349,854,349,910,412
159,159,886,512,886,512,946,576
160,160,865,213,865,213,900,258
161,161,723,224,723,224,764,271
162,162,914,320,914,320,965,378
163,163,836,298,836,298,887,356
164,164,854,349,854,349,910,412
165,165,951,468,951,468,1010,532
166,166,974,382,974,382,1029,443
167,167,919,421,919,421,979,486
168,168,950,358,950,358,1004,419
169,169,1058,371,1058,371,1107,426
170,170,1097,646,1097,646,1143,685
171,171,1009,616,1009,616,1060,666
172,172,735,549,735,549,789,611
173,173,602,376,602,376,658,434
174,174,915,548,915,548,973,609
175,175,751,540,751,540,807,602
176,176,1033,542,1033,542,1089,597
177,177,923,527,923,527,982,590
178,178,940,570,940,570,996,628
179,179,967,534,967,534,1025,594
180,180,1046,519,1046,519,1103,575
181,181,772,446,772,446,833,513
182,182,838,604,838,604,890,661
183,183,758,429,758,429,818,495
184,184,1036,515,1036,515,1093,572
185,185,1098,520,1098,520,1152,572
186,186,929,528,929,528,988,590
187,187,857,426,857,426,918,493
188,188,1285,714,1285,714,1315,719
189,189,1323,601,1323,601,1361,618
190,190,793,470,793,470,853,536
191,191,848,539,848,539,906,602
192,192,811,255,811,255,856,308
193,193,877,236,877,236,916,284
194,194,606,287,606,287,656,338
195,195,869,267,869,267,914,321
196,196,699,212,699,212,739,256
197,197,882,400,882,400,941,465
198,198,795,479,795,479,856,545
199,199,830,608,830,608,881,665
200,200,699,529,699,529,754,591
201,201,774,501,774,501,834,566
202,202,709,537,709,537,764,598
203,203,784,448,784,448,845,514
204,204,872,481,872,481,933,547
205,205,929,192,929,192,955,231
206,206,874,230,874,230,912,278
207,207,795,256,795,256,841,309
208,208,1058,263,1058,263,1090,307
209,209,1007,341,1007,341,1056,397
210,210,889,341,889,341,943,402
211,211,879,307,879,307,929,366
212,212,944,140,944,140,955,168
213,213,824,283,824,283,873,339
214,214,852,340,852,340,907,402
215,215,964,355,964,355,1017,414
216,216,917,303,917,303,965,360
217,217,661,108,661,108,678,128
218,218,863,161,863,161,886,196
219,219,349,165,349,165,372,169
220,220,938,641,938,641,986,691
221,221,749,530,749,530,805,593
222,222,550,248,550,248,594,290
223,223,750,558,750,558,804,619
224,224,825,604,825,604,876,661
225,225,741,325,741,325,796,386
226,226,707,195,707,195,744,236
227,227,394,374,394,374,437,412
228,228,617,535,617,535,667,592
229,229,859,534,859,534,917,598
230,230,650,439,650,439,708,502
231,231,1026,821,1026,821,1037,827
232,232,1312,952,1312,952,1282,884
233,233,1142,612,1142,612,1190,652
234,234,1120,495,1120,495,1173,546
235,235,886,418,886,418,946,484
236,236,685,401,685,401,744,465
237,237,767,404,767,404,827,470
238,238,790,414,790,414,851,480
239,239,1031,493,1031,493,1089,552
240,240,295,367,295,367,329,389
241,241,328,381,328,381,365,410
242,242,530,278,530,278,577,322
243,243,490,439,490,439,538,489
244,244,526,401,526,401,578,454
245,245,499,296,499,296,546,339
246,246,486,259,486,259,529,297
247,247,582,530,582,530,630,586
248,248,680,483,680,483,738,547
249,249,605,515,605,515,656,573
250,250,563,341,563,341,616,394
251,251,254,305,254,305,283,316
252,252,538,378,538,378,591,431
253,253,559,486,559,486,610,542
254,254,769,563,769,563,823,624
255,255,777,453,777,453,838,520
256,256,598,362,598,362,653,419
257,257,166,322,166,322,185,319
258,258,226,303,226,303,253,309
259,259,322,318,322,318,358,342
260,260,812,766,812,766,830,793
261,261,654,690,654,690,680,729
262,262,736,612,736,612,783,666
263,263,702,817,702,817,695,828
264,264,804,654,804,654,847,704
265,265,535,684,535,684,552,715
266,266,555,594,555,594,592,641
267,267,732,493,732,493,791,558
268,268,812,585,812,585,865,644
269,269,970,536,970,536,1028,596
270,270,641,554,641,554,691,611
271,271,444,494,444,494,484,538
272,272,596,652,596,652,626,694
273,273,782,494,782,494,842,560
274,274,1297,249,1297,249,1300,263
275,275,983,68,983,68,967,73
276,276,1049,19,1049,19,1008,5
277,277,1351,84,1351,84,1290,51
278,278,1358,185,1358,185,1332,176
279,279,1315,162,1315,162,1289,156
280,280,1203,120,1203,120,1179,120
281,281,1198,70,1198,70,1156,56
282,282,1214,-16,1214,-16,1132,-61
283,283,1280,176,1280,176,1264,178
284,284,1295,109,1295,109,1253,92
285,285,1263,-27,1263,-27,1168,-82
286,286,1357,53,1357,53,1282,10
287,287,1338,48,1338,48,1264,7
288,288,1248,-30,1248,-30,1154,-84
289,289,1171,-126,1171,-126,1040,-209
290,290,1638,-46,1638,-46,1448,-187
291,291,1839,-1,1839,-1,1617,-185
292,292,1509,-85,1509,-85,1330,-210
293,293,1448,-98,1448,-98,1276,-216
294,294,1626,-129,1626,-129,1389,-303
295,295,1743,-32,1743,-32,1532,-197
296,296,1570,-117,1570,-117,1356,-271
297,297,1521,-190,1521,-190,1273,-366
298,298,1607,-184,1607,-184,1339,-378
299,299,1325,-270,1325,-270,1071,-450
300,300,1826,-87,1826,-87,1556,-301
301,301,1837,-199,1837,-199,1487,-469
302,302,1854,-131,1854,-131,1546,-373
303,303,2083,54,2083,54,1813,-200
304,304,2083,70,2083,70,1822,-180
305,305,1867,-80,1867,-80,1589,-304
306,306,1844,-176,1844,-176,1508,-437
307,307,1932,68,1932,68,1719,-124
308,308,1751,51,1751,51,1583,-88
309,309,1597,-177,1597,-177,1337,-366
310,310,1622,158,1622,158,1535,86
311,311,1472,-7,1472,-7,1345,-93
312,312,1304,-28,1304,-28,1201,-90
313,313,1461,22,1461,22,1350,-52
314,314,1433,31,1433,31,1332,-34
315,315,1581,-128,1581,-128,1357,-288
316,316,1603,-182,1603,-182,1337,-374
317,317,1735,-261,1735,-261,1372,-532
318,318,1562,154,1562,154,1486,96
319,319,1538,-9,1538,-9,1394,-110
320,320,1718,228,1718,228,1634,144
321,321,1649,66,1649,66,1515,-39
322,322,1769,-65,1769,-65,1530,-251
323,323,1658,-47,1658,-47,1462,-194
324,324,1688,29,1688,29,1526,-98
325,325,1659,45,1659,45,1513,-69
326,326,1048,77,1048,77,1029,81
327,327,1349,147,1349,147,1312,131
328,328,1533,-191,1533,-191,1281,-371
329,329,1496,-239,1496,-239,1221,-435
330,330,1358,1,1358,1,1258,-59
331,331,1349,26,1349,26,1263,-24
332,332,1318,1,1318,1,1226,-52
333,333,1279,73,1279,73,1226,49
334,334,1219,19,1219,19,1153,-13
335,335,1252,56,1252,56,1196,31
336,336,1173,-151,1173,-151,1027,-247
337,337,1309,87,1309,87,1256,62
338,338,1251,-91,1251,-91,1125,-169
339,339,1301,-93,1301,-93,1164,-181
340,340,1442,77,1442,77,1360,26
341,341,1500,44,1500,44,1391,-31
342,342,1244,140,1244,140,1221,139
343,343,1205,172,1205,172,1198,184
344,344,1261,118,1261,118,1228,110
345,345,1156,62,1156,62,1117,51
346,346,1311,310,1311,310,1326,329
347,347,1318,397,1318,397,1347,423
348,348,1301,547,1301,547,1341,573
349,349,1234,347,1234,347,1265,382
350,350,1295,-33,1295,-33,1191,-95
351,351,1316,117,1316,117,1274,99
352,352,1253,68,1253,68,1202,46
353,353,1411,118,1411,118,1352,83
354,354,1299,152,1299,152,1272,146
355,355,1096,56,1096,56,1063,50
356,356,1327,-70,1327,-70,1197,-153
357,357,1285,-96,1285,-96,1149,-183
358,358,1234,-147,1234,-147,1080,-249
359,359,1220,-118,1220,-118,1085,-204
360,360,1574,-104,1574,-104,1367,-252
361,361,1029,-247,1029,-247,850,-376
362,362,1471,-38,1471,-38,1327,-136
363,363,1386,-79,1386,-79,1239,-176
364,364,1274,45,1274,45,1210,13
365,365,1494,148,1494,148,1431,104
366,366,1469,-59,1469,-59,1314,-164
367,367,1466,17,1466,17,1352,-59
368,368,1229,-169,1229,-169,1063,-280
369,369,1186,-164,1186,-164,1030,-267
370,370,1717,415,1717,415,1684,352
371,371,1592,297,1592,297,1557,258
372,372,1418,252,1418,252,1403,245
373,373,1382,276,1382,276,1379,279
374,374,1843,45,1843,45,1645,-125
375,375,1814,233,1814,233,1708,121
376,376,1464,96,1464,96,1385,45
377,377,1163,76,1163,76,1128,68
378,378,604,33,604,33,600,28
379,379,479,-10,479,-10,462,-40
380,380,116,192,116,192,124,161
381,381,165,221,165,221,180,204
382,382,38,57,38,57,17,-24
383,383,8,-36,8,-36,-39,-155
384,384,85,74,85,74,72,8
385,385,120,129,120,129,120,85
386,386,189,69,189,69,184,24
387,387,220,71,220,71,218,32
388,388,-43,-7,-43,-7,-88,-128
389,389,-28,-12,-28,-12,-72,-132
390,390,-15,201,-15,201,-24,140
391,391,113,174,113,174,118,138
392,392,67,209,67,209,70,170
393,393,-19,80,-19,80,-43,-10
394,394,75,205,75,205,79,167
395,395,83,188,83,188,86,148
396,396,115,168,115,168,120,131
397,397,40,217,40,217,41,173
398,398,-79,187,-79,187,-98,107
399,399,-245,320,-245,320,-295,207
400,400,88,317,88,317,97,297
401,401,511,333,511,333,561,381
402,402,6,409,6,409,-4,373
403,403,71,463,71,463,66,443
404,404,352,425,352,425,389,458
405,405,298,334,298,334,332,356
406,406,-84,170,-84,170,-105,85
407,407,142,117,142,117,142,74
408,408,-36,-32,-36,-32,-86,-160
409,409,-141,-78,-141,-78,-216,-253
410,410,652,517,652,517,706,578
411,411,184,158,184,158,195,134
412,412,382,3,382,3,369,-33
413,413,205,91,205,91,206,54
414,414,71,11,71,11,42,-77
415,415,-147,73,-147,73,-189,-53
416,416,-191,205,-191,205,-229,95
417,417,-239,273,-239,273,-286,157
418,418,135,244,135,244,149,225
419,419,215,335,215,335,241,342
420,420,607,314,607,314,660,368
421,421,239,244,239,244,264,245
422,422,181,184,181,184,195,164
423,423,709,365,709,365,767,428
424,424,151,332,151,332,168,326
425,425,-34,211,-34,211,-45,147
426,426,39,182,39,182,36,131
427,427,-140,253,-140,253,-167,166
428,428,-29,255,-29,255,-37,199
429,429,627,283,627,283,677,335
430,430,327,476,327,476,357,505
431,431,323,396,323,396,359,425
432,432,165,373,165,373,183,372
433,433,52,223,52,223,54,182
434,434,246,164,246,164,263,152
435,435,169,264,169,264,187,255
436,436,230,292,230,292,256,297
437,437,146,286,146,286,163,275
438,438,77,213,77,213,82,177
439,439,96,294,96,294,106,272
440,440,92,111,92,111,86,57
441,441,419,17,419,17,410,-10
442,442,546,59,546,59,552,59
443,443,651,40,651,40,648,39
444,444,158,73,158,73,151,23
445,445,422,118,422,118,441,122
446,446,220,68,220,68,217,28
447,447,242,65,242,65,240,28
448,448,373,103,373,103,386,96
449,449,26,78,26,78,7,-1
450,450,6,244,6,244,2,195
451,451,109,251,109,251,120,228
452,452,-13,213,-13,213,-20,155
453,453,-121,352,-121,352,-148,280
454,454,-56,301,-56,301,-69,243
455,455,-238,190,-238,190,-285,62
456,456,-144,227,-144,227,-172,135
457,457,-164,192,-164,192,-197,88
458,458,-274,116,-274,116,-332,-39
459,459,-418,-56,-418,-56,-531,-315
460,460,-336,154,-336,154,-404,-15
461,461,-368,190,-368,190,-442,17
462,462,-296,207,-296,207,-355,62
463,463,-366,163,-366,163,-440,-15
464,464,-339,145,-339,145,-409,-26
465,465,-88,59,-88,59,-125,-54
466,466,-259,-48,-259,-48,-343,-248
467,467,-485,74,-485,74,-592,-170
468,468,-448,143,-448,143,-541,-70
469,469,-170,143,-170,143,-208,27
470,470,274,444,274,444,301,465
471,471,127,305,127,305,142,292
472,472,165,390,165,390,182,390
473,473,-45,328,-45,328,-57,276
474,474,25,328,25,328,25,294
475,475,254,325,254,325,284,338
476,476,366,285,366,285,404,311
477,477,265,220,265,220,291,222
478,478,72,238,72,238,78,205
479,479,-58,424,-58,424,-81,371
480,480,-197,239,-197,239,-235,133
481,481,-143,315,-143,315,-172,234
482,482,-405,193,-405,193,-487,6
483,483,-324,175,-324,175,-388,15
484,484,-303,193,-303,193,-363,44
485,485,-324,129,-324,129,-391,-40
486,486,-236,87,-236,87,-292,-63
487,487,-323,50,-323,50,-398,-139
488,488,-110,69,-110,69,-148,-48
489,489,-116,314,-116,314,-140,240
490,490,-33,179,-33,179,-46,110
491,491,-70,167,-70,167,-89,85
492,492,-62,184,-62,184,-79,108
493,493,124,203,124,203,134,175
494,494,-79,99,-79,99,-108,-1
495,495,-224,-72,-224,-72,-309,-270
496,496,-315,100,-315,100,-383,-73
497,497,-216,16,-216,16,-279,-148
498,498,-284,2,-284,2,-361,-189
499,499,-93,204,-93,204,-114,122
500,500,345,65,345,65,348,44
501,501,-101,-43,-101,-43,-161,-193
502,502,160,83,160,83,156,35
503,503,125,99,125,99,120,48
504,504,94,-4,94,-4,63,-92
505,505,-434,86,-434,86,-529,-135
506,506,-355,25,-355,25,-440,-183
507,507,-162,112,-162,112,-201,-9
508,508,-26,81,-26,81,-51,-9
509,509,365,111,365,111,379,105
510,510,473,413,473,413,522,462
511,511,171,398,171,398,189,400
512,512,102,354,102,354,112,339
513,513,663,303,663,303,716,359
514,514,1023,252,1023,252,1056,297
515,515,1017,325,1017,325,1063,379
516,516,953,309,953,309,1000,365
517,517,1030,210,1030,210,1053,247
518,518,1045,295,1045,295,1085,344
519,519,1028,546,1028,546,1084,602
520,520,1001,289,1001,289,1042,341
521,521,1472,1085,1472,1085,1386,931
522,522,766,1487,766,1487,353,1131
523,523,133,776,133,776,54,724
524,524,-72,1036,-72,1036,-342,836
525,525,1353,1406,1353,1406,1079,1076
526,526,1228,1439,1228,1439,921,1101
527,527,1256,1580,1256,1580,832,1123
528,528,1968,1226,1968,1226,1782,860
529,529,2188,1342,2188,1342,1915,818
530,530,1071,932,1071,932,1047,898
531,531,941,640,941,640,989,690
532,532,1080,432,1080,432,1133,488
533,533,991,279,991,279,1032,330
534,534,831,-60,831,-60,779,-93
535,535,970,-139,970,-139,864,-211
536,536,644,-54,644,-54,607,-87
537,537,701,-141,701,-141,622,-209
538,538,792,50,792,50,786,56
539,539,634,-141,634,-141,560,-211
540,540,893,219,893,219,928,265
541,541,930,57,930,57,916,62
542,542,892,54,892,54,880,60
543,543,981,-53,981,-53,916,-89
544,544,1085,32,1085,32,1043,18
545,545,897,-90,897,-90,824,-137
546,546,1119,2,1119,2,1061,-24
547,547,1166,16,1166,16,1107,-10
548,548,923,-26,923,-26,876,-48
549,549,951,-8,951,-8,910,-25
550,550,1113,304,1113,304,1149,348
551,551,1242,317,1242,317,1267,348
552,552,1197,271,1197,271,1217,302
553,553,1134,341,1134,341,1173,386
554,554,1118,249,1118,249,1142,285
555,555,1133,138,1133,138,1125,150
556,556,1255,386,1255,386,1289,421
557,557,1230,408,1230,408,1269,446
558,558,1150,421,1150,421,1197,469
559,559,1178,452,1178,452,1226,497
560,560,1029,349,1029,349,1078,404
561,561,1197,1546,1197,1546,797,1125
562,562,859,943,859,943,818,914
563,563,443,354,443,354,490,396
564,564,545,425,545,425,598,481
565,565,755,383,755,383,814,448
566,566,899,362,899,362,955,424
567,567,853,219,853,219,890,266
568,568,999,197,999,197,1021,234
569,569,836,160,836,160,860,195
570,570,1262,481,1262,481,1304,516
571,571,1163,487,1163,487,1213,534
572,572,1337,309,1337,309,1348,324
573,573,950,252,950,252,988,300
574,574,1211,215,1211,215,1216,234
575,575,1069,140,1069,140,1069,159
576,576,944,61,944,61,930,67
577,577,926,8,926,8,893,-2
578,578,733,227,733,227,775,274
579,579,1003,281,1003,281,1043,331
580,580,676,349,676,349,733,410
581,581,897,412,897,412,956,477
582,582,715,411,715,411,774,476
583,583,846,374,846,374,905,439
584,584,554,454,554,454,606,510
585,585,649,533,649,533,701,592
586,586,792,389,792,389,852,455
587,587,770,347,770,347,827,410
588,588,1020,498,1020,498,1078,557
589,589,1183,438,1183,438,1229,483
590,590,787,405,787,405,847,471
591,591,716,345,716,345,772,407
592,592,811,315,811,315,864,375
593,593,774,345,774,345,831,408
594,594,685,370,685,370,743,432
595,595,707,349,707,349,765,411
596,596,819,443,819,443,880,510
597,597,893,474,893,474,954,539
598,598,853,363,853,363,910,427
599,599,818,319,818,319,872,379
600,600,1102,600,1102,600,1153,645
601,601,1001,615,1001,615,1053,666
602,602,1145,580,1145,580,1195,623
603,603,1149,622,1149,622,1196,660
604,604,1160,605,1160,605,1208,644
605,605,1129,545,1129,545,1181,593
606,606,1008,682,1008,682,1050,722
607,607,890,547,890,547,948,609
608,608,1205,769,1205,769,1228,773
609,609,1137,638,1137,638,1183,675
610,610,1050,452,1050,452,1106,510
611,611,980,428,980,428,1037,490
612,612,1050,471,1050,471,1107,529
613,613,877,442,877,442,938,508
614,614,1040,347,1040,347,1088,401
615,615,953,408,953,408,1011,471
616,616,1015,490,1015,490,1073,550
617,617,1019,426,1019,426,1075,485
618,618,1151,538,1151,538,1202,584
619,619,1029,480,1029,480,1086,539
620,620,747,533,747,533,804,596
621,621,906,474,906,474,966,539
622,622,880,494,880,494,941,559
623,623,878,442,878,442,939,508
624,624,977,390,977,390,1033,451
625,625,908,351,908,351,963,413
626,626,887,302,887,302,936,359
627,627,872,239,872,239,912,288
628,628,933,239,933,239,970,286
629,629,935,314,935,314,984,372
630,630,956,391,956,391,1013,454
631,631,1033,359,1033,359,1082,414
632,632,1096,364,1096,364,1142,415
633,633,879,293,879,293,927,350
634,634,1009,288,1009,288,1050,338
635,635,1011,218,1011,218,1037,258
636,636,1070,182,1070,182,1082,210
637,637,1075,342,1075,342,1120,393
638,638,1065,402,1065,402,1117,458
639,639,1078,366,1078,366,1125,419
640,640,469,209,469,209,506,237
641,641,355,101,355,101,367,91
642,642,369,126,369,126,387,124
643,643,824,434,824,434,885,500
644,644,812,266,812,266,859,320
645,645,802,154,802,154,826,188
646,646,813,-11,813,-11,783,-25
647,647,1000,188,1000,188,1020,223
648,648,1021,128,1021,128,1022,148
649,649,1044,-50,1044,-50,972,-89
650,650,1042,471,1042,471,1099,530
651,651,1115,389,1115,389,1163,440
652,652,999,497,999,497,1057,557
653,653,860,581,860,581,915,640
654,654,863,475,863,475,924,541
655,655,787,290,787,290,838,347
656,656,755,321,755,321,809,381
657,657,932,393,932,393,990,457
658,658,1027,250,1027,250,1059,294
659,659,934,279,934,279,978,333
660,660,1461,643,1461,643,1483,631
661,661,1212,413,1212,413,1253,454
662,662,1245,511,1245,511,1290,547
663,663,1011,470,1011,470,1068,530
664,664,1163,516,1163,516,1214,562
665,665,1286,497,1286,497,1327,528
666,666,1255,419,1255,419,1293,454
667,667,1226,371,1226,371,1261,408
668,668,1281,278,1281,278,1293,298
669,669,1298,604,1298,604,1337,625
670,670,1381,156,1381,156,1342,137
671,671,1367,148,1367,148,1328,129
672,672,1379,168,1379,168,1344,152
673,673,1341,7,1341,7,1248,-49
674,674,1203,49,1203,49,1152,28
675,675,1432,128,1432,128,1373,92
676,676,1387,177,1387,177,1354,161
677,677,1402,240,1402,240,1386,233
678,678,1453,267,1453,267,1436,255
679,679,1243,184,1243,184,1234,193
680,680,1429,442,1429,442,1449,449
681,681,1186,222,1186,222,1196,246
682,682,1037,194,1037,194,1056,228
683,683,1230,333,1230,333,1258,366
684,684,1400,299,1400,299,1400,302
685,685,1384,391,1384,391,1404,404
686,686,1395,244,1395,244,1381,240
687,687,1305,468,1305,468,1342,497
688,688,1471,414,1471,414,1481,411
689,689,1312,465,1312,465,1348,493
690,690,1136,362,1136,362,1178,409
691,691,1210,362,1210,362,1245,401
692,692,1387,312,1387,312,1391,318
693,693,1364,202,1364,202,1343,196
694,694,1279,270,1279,270,1289,289
695,695,1337,310,1337,310,1348,326
696,696,1358,324,1358,324,1369,337
697,697,1450,463,1450,463,1469,466
698,698,1533,574,1533,574,1547,554
699,699,1551,545,1551,545,1563,523
700,700,1235,206,1235,206,1234,221
701,701,1242,116,1242,116,1211,109
702,702,1083,94,1083,94,1066,99
703,703,1286,149,1286,149,1260,144
704,704,1084,178,1084,178,1094,205
705,705,1101,104,1101,104,1085,111
706,706,1171,73,1171,73,1134,63
707,707,1449,456,1449,456,1468,459
708,708,1432,367,1432,367,1441,370
709,709,1296,511,1296,511,1337,540
710,710,1347,522,1347,522,1383,542
711,711,1318,530,1318,530,1357,554
712,712,1291,561,1291,561,1332,588
713,713,1723,617,1723,617,1710,544
714,714,1672,651,1672,651,1667,587
715,715,1703,660,1703,660,1692,587
716,716,1587,512,1587,512,1590,484
717,717,1305,525,1305,525,1345,552
718,718,1655,592,1655,592,1652,541
719,719,1334,538,1334,538,1372,560
720,720,1389,838,1389,838,1390,796
721,721,1339,743,1339,743,1361,734
722,722,1350,659,1350,659,1381,664
723,723,1564,609,1564,609,1575,578
724,724,1642,691,1642,691,1639,629
725,725,1583,727,1583,727,1584,673
726,726,1674,690,1674,690,1667,620
727,727,1156,516,1156,516,1207,563
728,728,1331,532,1331,532,1368,554
729,729,1428,413,1428,413,1444,420
730,730,1490,337,1490,337,1484,326
731,731,1592,431,1592,431,1585,402
732,732,1380,399,1380,399,1401,414
733,733,1324,290,1324,290,1333,305
734,734,1417,266,1417,266,1406,261
735,735,1636,403,1636,403,1617,362
736,736,1637,532,1637,532,1634,490
737,737,1678,394,1678,394,1649,341
738,738,1526,429,1526,429,1530,415
739,739,1572,266,1572,266,1533,227
740,740,1476,657,1476,657,1496,639
741,741,1563,641,1563,641,1573,607
742,742,1231,500,1231,500,1277,539
743,743,1046,450,1046,450,1102,508
744,744,1226,505,1226,505,1272,544
745,745,1016,616,1016,616,1067,665
746,746,1168,253,1168,253,1188,284
747,747,1179,480,1179,480,1228,526
748,748,957,342,957,342,1009,401
749,749,985,429,985,429,1043,491
750,750,1310,1127,1310,1127,1206,980
751,751,1318,701,1318,701,1348,704
752,752,1305,671,1305,671,1339,681
753,753,1352,562,1352,562,1388,578
754,754,1272,294,1272,294,1288,317
755,755,1219,299,1219,299,1243,330
756,756,1304,385,1304,385,1333,412
757,757,1425,380,1425,380,1437,386
758,758,1487,478,1487,478,1502,473
759,759,1502,446,1502,446,1512,438
760,760,1281,743,1281,743,1306,743
761,761,1165,584,1165,584,1214,624
762,762,1499,490,1499,490,1514,482
763,763,1396,404,1396,404,1415,416
764,764,1432,383,1432,383,1443,387
765,765,1249,331,1249,331,1276,362
766,766,1372,663,1372,663,1401,664
767,767,1445,547,1445,547,1470,547
768,768,1200,394,1200,394,1240,435
769,769,1178,440,1178,440,1225,486
770,770,819,375,819,375,878,439
771,771,703,397,703,397,763,461
772,772,699,400,699,400,759,464
773,773,944,279,944,279,988,332
774,774,915,246,915,246,954,295
775,775,817,285,817,285,866,341
776,776,1008,428,1008,428,1065,489
777,777,905,226,905,226,941,273
778,778,1173,407,1173,407,1217,452
779,779,1100,435,1100,435,1152,489
780,780,1430,599,1430,599,1457,598
781,781,1436,377,1436,377,1446,380
782,782,1616,383,1616,383,1597,346
783,783,1551,366,1551,366,1541,343
784,784,1333,238,1333,238,1328,244
785,785,1476,351,1476,351,1475,344
786,786,1395,417,1395,417,1417,429
787,787,1428,356,1428,356,1435,359
788,788,1117,402,1117,402,1165,453
789,789,1127,420,1127,420,1176,471
790,790,1148,613,1148,613,1196,652
791,791,1076,546,1076,546,1131,598
792,792,1086,549,1086,549,1140,600
793,793,1136,627,1136,627,1183,665
794,794,1380,444,1380,444,1406,461
795,795,942,387,942,387,998,449
796,796,1031,479,1031,479,1089,538
797,797,813,468,813,468,874,535
798,798,700,190,700,190,735,230
799,799,664,201,664,201,702,241
800,800,383,27,383,27,377,0
801,801,490,107,490,107,507,114
802,802,454,-111,454,-111,399,-182
803,803,442,-269,442,-269,311,-417
804,804,399,-163,399,-163,323,-262
805,805,418,-157,418,-157,344,-253
806,806,707,-152,707,-152,622,-224
807,807,562,-105,562,-105,508,-163
808,808,947,-255,947,-255,776,-384
809,809,755,-165,755,-165,659,-243
810,810,1119,-90,1119,-90,1016,-152
811,811,1212,8,1212,8,1142,-27
812,812,1216,23,1216,23,1152,-8
813,813,913,-69,913,-69,849,-107
814,814,1050,-51,1050,-51,977,-90
815,815,943,-95,943,-95,863,-145
816,816,1017,-307,1017,-307,801,-469
817,817,1060,-246,1060,-246,877,-377
818,818,966,-129,966,-129,865,-196
819,819,888,-36,888,-36,841,-61
820,820,823,-85,823,-85,761,-127
821,821,881,-26,881,-26,839,-47
822,822,980,-87,980,-87,898,-137
823,823,939,-297,939,-297,742,-448
824,824,895,-244,895,-244,739,-364
825,825,914,-235,914,-235,761,-351
826,826,877,-159,877,-159,772,-236
827,827,804,-256,804,-256,652,-380
828,828,922,-91,922,-91,846,-139
829,829,836,-126,836,-126,753,-186
830,830,1446,739,1446,739,1460,712
831,831,1836,864,1836,864,1784,705
832,832,1710,536,1710,536,1695,474
833,833,1379,515,1379,515,1411,529
834,834,1911,560,1911,560,1858,434
835,835,1832,534,1832,534,1793,435
836,836,1585,203,1585,203,1522,150
837,837,1666,250,1666,250,1602,184
838,838,1460,89,1460,89,1380,37
839,839,1530,155,1530,155,1462,105
840,840,1383,194,1383,194,1356,183
841,841,1387,148,1387,148,1344,126
842,842,1312,120,1312,120,1272,104
843,843,1314,100,1314,100,1266,77
844,844,1087,-50,1087,-50,1009,-92
845,845,1229,42,1229,42,1171,15
846,846,1513,49,1513,49,1404,-27
847,847,1441,38,1441,38,1342,-25
848,848,1429,51,1429,51,1339,-6
849,849,1351,265,1351,265,1350,272
850,850,1560,362,1560,362,1546,337
851,851,1550,332,1550,332,1532,307
852,852,1614,383,1614,383,1595,346
853,853,1488,356,1488,356,1486,347
854,854,1563,312,1563,312,1538,281
855,855,1356,191,1356,191,1332,184
856,856,1453,363,1453,363,1458,362
857,857,1360,345,1360,345,1375,359
858,858,1506,369,1506,369,1504,357
859,859,1480,305,1480,305,1468,292
860,860,1242,195,1242,195,1237,207
861,861,1494,179,1494,179,1442,142
862,862,1262,238,1262,238,1266,255
863,863,1303,145,1303,145,1273,136
864,864,1563,227,1563,227,1513,184
865,865,1270,335,1270,335,1294,364
866,866,1297,266,1297,266,1304,282
867,867,1253,214,1253,214,1252,227
868,868,1307,295,1307,295,1319,313
869,869,1331,272,1331,272,1334,283
870,870,1628,755,1628,755,1621,684
871,871,1513,687,1513,687,1527,656
872,872,1706,586,1706,586,1695,522
873,873,1489,523,1489,523,1508,516
874,874,1378,336,1378,336,1389,347
875,875,1656,437,1656,437,1639,391
876,876,1551,537,1551,537,1562,516
877,877,1431,630,1431,630,1457,625
878,878,1420,603,1420,603,1448,603
879,879,1493,502,1493,502,1510,495
880,880,1450,800,1450,800,1454,758
881,881,1611,783,1611,783,1602,709
882,882,1541,601,1541,601,1555,576
883,883,1526,623,1526,623,1541,600
884,884,1495,623,1495,623,1514,606
885,885,1643,505,1643,505,1637,463
886,886,1537,533,1537,533,1550,515
887,887,1476,408,1476,408,1485,404
888,888,1507,391,1507,391,1508,380
889,889,1465,327,1465,327,1461,320
890,890,1715,519,1715,519,1698,456
891,891,1756,467,1756,467,1724,394
892,892,1786,406,1786,406,1736,322
893,893,1682,422,1682,422,1657,369
894,894,1567,728,1567,728,1571,677
895,895,1515,580,1515,580,1532,564
896,896,1625,653,1625,653,1627,602
897,897,1768,463,1768,463,1733,386
898,898,1725,476,1725,476,1701,411
899,899,1371,354,1371,354,1386,367
900,900,1263,314,1263,314,1285,341
901,901,1351,303,1351,303,1358,315
902,902,1072,426,1072,426,1125,482
903,903,1010,273,1010,273,1048,321
904,904,1253,371,1253,371,1285,404
905,905,1258,225,1258,225,1259,240
906,906,1189,305,1189,305,1217,341
907,907,1063,449,1063,449,1118,506
908,908,1018,231,1018,231,1047,272
909,909,867,164,867,164,890,199
910,910,1421,419,1421,419,1440,427
911,911,1029,304,1029,304,1071,355
912,912,1242,311,1242,311,1265,341
913,913,1247,610,1247,610,1290,638
914,914,1295,624,1295,624,1334,643
915,915,1595,437,1595,437,1589,407
916,916,1560,354,1560,354,1545,328
917,917,1367,177,1367,177,1337,165
918,918,1384,284,1384,284,1383,288
919,919,1380,325,1380,325,1388,334
920,920,1684,362,1684,362,1647,306
921,921,1332,319,1332,319,1346,336
922,922,1716,400,1716,400,1680,337
923,923,1922,442,1922,442,1848,315
924,924,1742,436,1742,436,1708,367
925,925,1925,428,1925,428,1847,300
926,926,2257,360,2257,360,2064,94
927,927,1916,426,1916,426,1840,300
928,928,1896,432,1896,432,1827,314
929,929,1963,449,1963,449,1881,307
930,930,1714,659,1714,659,1702,583
931,931,1596,600,1596,600,1603,563
932,932,1443,481,1443,481,1465,485
933,933,1502,416,1502,416,1508,408
934,934,1426,317,1426,317,1425,317
935,935,1389,277,1389,277,1385,279
936,936,1343,298,1343,298,1351,311
937,937,1291,335,1291,335,1313,361
938,938,1347,340,1347,340,1363,357
939,939,1688,581,1688,581,1680,522
940,940,934,335,934,335,986,395
941,941,1227,626,1227,626,1270,654
942,942,1153,399,1153,399,1199,446
943,943,927,158,927,158,945,190
944,944,1357,554,1357,554,1392,571
945,945,1380,800,1380,800,1389,770
946,946,1448,826,1448,826,1447,777
947,947,1644,818,1644,818,1626,727
948,948,1720,815,1720,815,1693,704
949,949,1792,756,1792,756,1761,639
950,950,1802,762,1802,762,1770,641
951,951,1755,916,1755,916,1704,764
952,952,1852,827,1852,827,1804,673
953,953,1659,693,1659,693,1654,626
954,954,1595,582,1595,582,1601,547
955,955,1897,605,1897,605,1850,479
956,956,1530,377,1530,377,1525,360
957,957,1488,312,1488,312,1476,299
958,958,1814,524,1814,524,1777,432
959,959,1960,431,1960,431,1875,290
960,960,1495,478,1495,478,1510,471
961,961,1553,611,1553,611,1565,583
962,962,1624,551,1624,551,1625,511
963,963,1772,669,1772,669,1750,575
964,964,1644,590,1644,590,1643,541
965,965,1651,427,1651,427,1633,383
966,966,1600,322,1600,322,1570,283
967,967,1596,476,1596,476,1595,446
968,968,1492,459,1492,459,1505,453
969,969,1593,549,1593,549,1598,517
970,970,1337,518,1337,518,1373,540
971,971,1295,381,1295,381,1325,409
972,972,1101,338,1101,338,1142,386
973,973,1249,408,1249,408,1287,444
974,974,1304,242,1304,242,1303,253
975,975,1372,262,1372,262,1367,264
976,976,1186,279,1186,279,1209,312
977,977,1264,333,1264,333,1289,362
978,978,1364,259,1364,259,1359,263
979,979,1596,251,1596,251,1547,204
980,980,1560,679,1560,679,1568,639
981,981,1456,304,1456,304,1448,296
982,982,1492,416,1492,416,1500,410
983,983,1510,216,1510,216,1468,183
984,984,1288,271,1288,271,1297,289
985,985,1408,166,1408,166,1367,145
986,986,997,267,997,267,1035,315
987,987,382,99,382,99,395,92
988,988,66,197,66,197,68,155
989,989,5,248,5,248,1,199
990,990,104,383,104,383,113,370
991,991,-184,242,-184,242,-219,140
992,992,-143,748,-143,748,-276,631
993,993,-117,673,-117,673,-215,580
994,994,-368,480,-368,480,-473,327
995,995,-463,450,-463,450,-588,261
996,996,-198,228,-198,228,-236,119
997,997,-111,95,-111,95,-144,-15
998,998,-59,69,-59,69,-90,-33
999,999,-60,91,-60,91,-87,-5
1000,1000,33,674,33,674,-29,622
1001,1001,-198,559,-198,559,-279,458
1002,1002,338,488,338,488,368,518
1003,1003,347,645,347,645,349,660
1004,1004,360,376,360,376,400,410
1005,1005,177,294,177,294,198,290
1006,1006,-325,256,-325,256,-389,109
1007,1007,-126,159,-126,159,-155,60
1008,1008,-1,91,-1,91,-21,10
1009,1009,-21,141,-21,141,-36,66
1010,1010,-218,281,-218,281,-261,173
1011,1011,18,286,18,286,18,246
1012,1012,-592,451,-592,451,-757,207
1013,1013,-423,528,-423,528,-557,350
1014,1014,-367,452,-367,452,-467,300
1015,1015,-288,372,-288,372,-354,247
1016,1016,-627,310,-627,310,-775,47
1017,1017,-572,276,-572,276,-700,34
1018,1018,-721,157,-721,157,-886,-171
1019,1019,-793,172,-793,172,-981,-188
1020,1020,-194,419,-194,419,-245,327
1021,1021,-364,181,-364,181,-438,8
1022,1022,-263,351,-263,351,-321,235
1023,1023,-185,608,-185,608,-277,506
1024,1024,-183,191,-183,191,-219,80
1025,1025,122,372,122,372,134,363
1026,1026,-14,163,-14,163,-26,95
1027,1027,-201,345,-201,345,-244,248
1028,1028,336,111,336,111,350,101
1029,1029,-17,86,-17,86,-40,0
1030,1030,-78,289,-78,289,-95,224
1031,1031,-194,188,-194,188,-233,73
1032,1032,-470,-2,-470,-2,-583,-262
1033,1033,-300,110,-300,110,-364,-55
1034,1034,-38,36,-38,36,-72,-71
1035,1035,280,0,280,0,263,-51
1036,1036,307,-10,307,-10,287,-60
1037,1037,71,28,71,28,47,-55
1038,1038,28,56,28,56,5,-28
1039,1039,35,-4,35,-4,0,-105
1040,1040,245,348,245,348,274,362
1041,1041,232,211,232,211,253,206
1042,1042,404,74,404,74,412,64
1043,1043,329,285,329,285,364,306
1044,1044,495,242,495,242,537,278
1045,1045,124,-86,124,-86,72,-197
1046,1046,213,-101,213,-101,159,-202
1047,1047,318,46,318,46,315,16
1048,1048,109,155,109,155,111,114
1049,1050,-284,367,-284,367,-349,243
1050,1051,-307,348,-307,348,-375,216
1051,1052,-38,516,-38,516,-73,466
1052,1053,67,466,67,466,60,445
1053,1054,-63,512,-63,512,-102,455
1054,1055,32,533,32,533,7,500
1055,1056,-90,597,-90,597,-157,525
1056,1057,-39,535,-39,535,-79,484
1057,1058,95,476,95,476,92,461
1058,1059,131,429,131,429,141,423
1059,1060,-150,375,-150,375,-185,296
1060,1061,123,372,123,372,136,363
1061,1062,137,351,137,351,152,343
1062,1063,142,283,142,283,158,270
1063,1064,178,213,178,213,194,198
1064,1065,35,134,35,134,27,72
1065,1066,-9,99,-9,99,-28,18
1066,1067,44,71,44,71,26,-5
1067,1068,-66,159,-66,159,-86,77
1068,1069,-159,218,-159,218,-190,120
1069,1070,-115,394,-115,394,-146,325
1070,1071,92,277,92,277,101,253
1071,1072,-53,225,-53,225,-66,158
1072,1073,-56,279,-56,279,-69,218
1073,1074,-151,252,-151,252,-181,161
1074,1075,-40,182,-40,182,-53,111
1075,1076,-28,184,-28,184,-40,116
1076,1077,-314,365,-314,365,-385,232
1077,1078,-283,410,-283,410,-353,288
1078,1079,62,450,62,450,58,428
1079,1080,176,552,176,552,173,550
1080,1081,166,444,166,444,178,445
1081,1082,21,467,21,467,7,435
1082,1083,92,450,92,450,93,435
1083,1084,-4,301,-4,301,-9,257
1084,1085,164,331,164,331,183,328
1085,1086,-26,340,-26,340,-36,293
1086,1087,-84,405,-84,405,-110,345
1087,1088,-118,499,-118,499,-166,428
1088,1089,-96,601,-96,601,-164,526
1089,1090,259,171,259,171,278,163
1090,1091,-59,126,-59,126,-81,39
1091,1092,74,108,74,108,66,48
1092,1093,-256,195,-256,195,-307,62
1093,1094,-196,260,-196,260,-234,157
1094,1095,-150,292,-150,292,-180,206
1095,1096,163,385,163,385,180,385
1096,1097,298,418,298,418,330,443
1097,1098,85,496,85,496,77,478
1098,1099,-12,187,-12,187,-22,124
1099,1100,-95,275,-95,275,-114,203
1100,1101,-139,204,-139,204,-167,110
1101,1102,-459,204,-459,204,-554,-2
1102,1103,-603,311,-603,311,-744,58
1103,1104,-689,195,-689,195,-846,-111
1104,1105,-596,248,-596,248,-729,-8
1105,1106,-579,227,-579,227,-706,-25
1106,1107,-671,381,-671,381,-846,101
1107,1108,-648,294,-648,294,-801,20
1108,1109,-368,344,-368,344,-449,190
1109,1110,-14,409,-14,409,-27,368
1110,1111,-175,421,-175,421,-222,335
1111,1112,-191,279,-191,279,-229,179
1112,1113,-20,228,-20,228,-28,170
1113,1114,-120,221,-120,221,-144,135
1114,1115,-70,229,-70,229,-85,158
1115,1116,18,249,18,249,16,205
1116,1118,92,254,92,254,101,227
1117,1120,125,635,125,635,94,611
1118,1121,35,588,35,588,-1,550
1119,1122,34,593,34,593,-4,554
1120,1123,21,495,21,495,2,462
1121,1124,-81,459,-81,459,-113,400
1122,1125,-38,620,-38,620,-100,559
1123,1126,-29,437,-29,437,-48,392
1124,1127,-147,415,-147,415,-187,337
1125,1128,-154,379,-154,379,-190,298
1126,1129,-222,380,-222,380,-273,278
1127,1130,-154,207,-154,207,-185,109
1128,1131,-284,131,-284,131,-343,-25
1129,1132,-78,211,-78,211,-96,135
1130,1133,-58,247,-58,247,-71,182
1131,1134,-117,311,-117,311,-142,237
1132,1135,211,438,211,438,230,448
1133,1136,2,320,2,320,-2,279
1134,1137,48,296,48,296,51,264
1135,1138,-46,270,-46,270,-57,211
1136,1139,-11,50,-11,50,-39,-46
1137,1140,184,352,184,352,205,354
1138,1141,40,332,40,332,41,301
1139,1142,-39,382,-39,382,-54,334
1140,1144,22,419,22,419,15,388
1141,1145,-71,425,-71,425,-97,369
1142,1147,47,513,47,513,29,485
1143,1150,-26,222,-26,222,-35,161
1144,1154,285,51,285,51,282,17
1145,1160,600,-27,600,-27,575,-53
1146,1161,359,-183,359,-183,273,-298
1147,1162,405,-24,405,-24,383,-66
1148,1163,669,73,669,73,676,83
1149,1164,612,12,612,12,601,1
1150,1165,431,-271,431,-271,300,-423
1151,1166,704,-237,704,-237,573,-351
1152,1167,721,-68,721,-68,674,-105
1153,1168,801,-8,801,-8,772,-22
1154,1169,838,-53,838,-53,788,-83
1155,1170,528,-47,528,-47,498,-85
1156,1171,717,-61,717,-61,674,-94
1157,1172,667,-131,667,-131,595,-196
1158,1173,731,-8,731,-8,707,-22
1159,1174,787,2,787,2,764,-8
1160,1175,870,-121,870,-121,785,-180
1161,1176,799,-194,799,-194,683,-286
1162,1177,862,-116,862,-116,780,-172
1163,1178,760,-96,760,-96,697,-143
1164,1179,673,-126,673,-126,603,-189
1165,1180,1031,67,1031,67,1010,70
1166,1181,962,117,962,117,965,137
1167,1182,1087,420,1087,420,1139,475
1168,1183,1003,288,1003,288,1045,339
1169,1184,1138,271,1138,271,1165,308
1170,1185,1115,217,1115,217,1131,248
1171,1186,947,49,947,49,928,50
1172,1187,837,-93,837,-93,769,-139
1173,1188,906,26,906,26,883,23
1174,1189,1071,-64,1071,-64,989,-110
1175,1190,1018,5,1018,5,974,-12
1176,1191,909,114,909,114,915,136
1177,1192,845,57,845,57,838,65
1178,1193,834,-151,834,-151,738,-222
1179,1194,991,-70,991,-70,917,-113
1180,1195,614,-119,614,-119,551,-180
1181,1196,826,82,826,82,828,97
1182,1197,849,33,849,33,832,33
1183,1198,997,173,997,173,1013,205
1184,1199,1058,245,1058,245,1086,286
1185,1200,736,14,736,14,720,8
1186,1201,579,-47,579,-47,548,-81
1187,1202,797,-88,797,-88,735,-132
1188,1203,811,-126,811,-126,729,-187
1189,1204,985,-63,985,-63,914,-103
1190,1205,820,-124,820,-124,738,-183
1191,1206,933,-139,933,-139,832,-208
1192,1207,925,-127,925,-127,830,-191
1193,1208,1099,34,1099,34,1057,20
1194,1209,1150,-126,1150,-126,1023,-207
1195,1210,1112,-271,1112,-271,902,-422
1196,1211,1172,-389,1172,-389,864,-618
1197,1212,1193,-258,1193,-258,976,-410
1198,1213,1215,-334,1215,-334,940,-534
1199,1214,1271,-177,1271,-177,1091,-299
1200,1215,1051,-187,1051,-187,906,-287
1201,1216,990,-24,990,-24,937,-49
1202,1217,872,-21,872,-21,833,-40
1203,1218,1076,-230,1076,-230,899,-355
1204,1219,1151,-128,1151,-128,1022,-211
1205,1220,1687,95,1687,95,1557,-11
1206,1221,1356,25,1356,25,1268,-28
1207,1222,1387,42,1387,42,1301,-11
1208,1223,1439,3,1439,3,1324,-72
1209,1224,1263,72,1263,72,1212,50
1210,1225,1245,-51,1245,-51,1141,-113
1211,1226,1341,-83,1341,-83,1202,-173
1212,1227,1303,-67,1303,-67,1180,-144
1213,1228,1430,-231,1430,-231,1178,-408
1214,1229,1475,-191,1475,-191,1238,-357
1215,1230,1269,190,1269,190,1259,196
1216,1231,1300,124,1300,124,1262,110
1217,1232,1069,43,1069,43,1034,34
1218,1233,1311,30,1311,30,1234,-12
1219,1234,1049,65,1049,65,1025,65
1220,1235,1214,186,1214,186,1211,200
1221,1236,1096,303,1096,303,1133,349
1222,1237,897,248,897,248,938,299
1223,1238,1174,320,1174,320,1207,359
1224,1239,1119,261,1119,261,1145,299
1225,1240,1023,39,1023,39,992,33
1226,1241,958,-10,958,-10,915,-28
1227,1242,922,-13,922,-13,882,-31
1228,1243,819,-53,819,-53,771,-82
1229,1244,882,-53,882,-53,828,-85
1230,1245,804,-64,804,-64,752,-98
1231,1246,882,-169,882,-169,771,-250
1232,1247,1323,-176,1323,-176,1132,-305
1233,1248,913,-158,913,-158,804,-236
1234,1249,882,-182,882,-182,764,-270
1235,1250,922,183,922,183,947,221
1236,1251,980,220,980,220,1009,262
1237,1252,698,140,698,140,722,170
1238,1253,859,111,859,111,868,134
1239,1254,1016,58,1016,58,993,58
1240,1255,1135,132,1135,132,1125,142
1241,1256,1093,-74,1093,-74,1003,-126
1242,1257,1039,-147,1039,-147,919,-227
1243,1258,925,-36,925,-36,874,-62
1244,1259,789,-84,789,-84,730,-126
1245,1260,802,231,802,231,843,280
1246,1261,788,167,788,167,816,203
1247,1262,828,43,828,43,817,47
1248,1263,872,43,872,43,858,45
1249,1264,766,123,766,123,784,150
1250,1265,853,82,853,82,853,97
1251,1266,821,-30,821,-30,783,-52
1252,1267,730,-96,730,-96,670,-143
1253,1268,849,-111,849,-111,772,-165
1254,1269,870,-146,870,-146,772,-216
1255,1270,795,-4,795,-4,769,-15
1256,1271,874,88,874,88,875,105
1257,1272,640,-122,640,-122,575,-183
1258,1273,713,11,713,11,697,4
1259,1274,709,51,709,51,708,56
1260,1275,644,-6,644,-6,626,-21
1261,1276,717,-35,717,-35,684,-59
1262,1277,574,-15,574,-15,554,-38
1263,1278,618,-132,618,-132,548,-200
1264,1279,726,41,726,41,720,44
1265,1280,767,107,767,107,780,129
1266,1281,812,162,812,162,838,198
1267,1282,778,133,778,133,798,162
1268,1283,860,54,860,54,851,61
1269,1284,888,76,888,76,884,88
1270,1285,711,42,711,42,707,45
1271,1286,825,-19,825,-19,791,-37
1272,1287,677,-4,677,-4,658,-17
1273,1288,683,42,683,42,680,44
1274,1289,931,367,931,367,987,429
1275,1290,982,595,982,595,1036,649
1276,1291,977,385,977,385,1032,446
1277,1292,671,413,671,413,729,477
1278,1293,890,158,890,158,910,191
1279,1294,877,294,877,294,926,351
1280,1295,744,423,744,423,805,489
1281,1296,839,476,839,476,900,542
1282,1297,348,116,348,116,363,110
1283,1298,847,154,847,154,869,187
1284,1299,804,88,804,88,809,105
1285,1300,1971,425,1971,425,1881,280
1286,1301,947,310,947,310,995,366
1287,1302,703,31,703,31,695,30
1288,1303,875,-14,875,-14,839,-30
1289,1304,768,-5,768,-5,744,-17
1290,1305,853,-40,853,-40,807,-66
1291,1306,728,-111,728,-111,661,-165
1292,1307,801,-32,801,-32,764,-53
1293,1308,790,-46,790,-46,747,-73
1294,1309,903,80,903,80,899,94
1295,1310,633,268,633,268,681,318
1296,1311,622,336,622,336,677,392
1297,1312,662,371,662,371,720,432
1298,1313,446,244,446,244,485,274
1299,1314,729,270,729,270,777,324
1300,1315,504,255,504,255,547,294
1301,1316,570,205,570,205,609,241
1302,1317,604,293,604,293,655,344
1303,1318,645,276,645,276,695,328
1304,1319,683,318,683,318,738,376
1305,1320,558,261,558,261,604,305
1306,1321,464,330,464,330,511,373
1307,1322,427,241,427,241,466,269
1308,1323,725,354,725,354,783,417
1309,1324,640,224,640,224,682,267
1310,1325,769,213,769,213,807,259
1311,1326,726,244,726,244,771,294
1312,1327,589,120,589,120,610,138
1313,1328,666,208,666,208,705,250
1314,1329,656,182,656,182,691,218
1315,1330,797,198,797,198,832,241
1316,1331,712,144,712,144,737,174
1317,1332,760,136,760,136,781,165
1318,1333,925,211,925,211,956,253
1319,1334,875,300,875,300,925,358
1320,1335,829,162,829,162,854,197
1321,1336,765,116,765,116,781,140
1322,1337,701,204,701,204,739,247
1323,1338,658,169,658,169,690,203
1324,1339,740,123,740,123,759,148
1325,1340,374,90,374,90,385,80
1326,1341,486,114,486,114,505,123
1327,1342,654,158,654,158,683,189
1328,1343,699,219,699,219,740,264
1329,1344,665,175,665,175,698,211
1330,1345,802,126,802,126,818,153
1331,1346,700,176,700,176,732,213
1332,1347,549,196,549,196,586,229
1333,1348,536,226,536,226,577,263
1334,1349,786,190,786,190,820,231
1335,1350,767,357,767,357,824,421
1336,1351,697,235,697,235,741,283
1337,1352,536,178,536,178,569,206
1338,1353,637,215,637,215,677,257
1339,1354,673,227,673,227,716,272
1340,1355,777,181,777,181,809,220
1341,1356,876,200,876,200,907,243
1342,1357,846,189,846,189,876,229
1343,1358,881,187,881,187,909,226
1344,1359,828,143,828,143,848,174
1345,1360,318,298,318,298,354,319
1346,1361,574,232,574,232,617,273
1347,1362,568,264,568,264,615,309
1348,1363,482,165,482,165,512,186
1349,1364,643,181,643,181,678,217
1350,1365,813,19,813,19,795,15
1351,1366,917,50,917,50,901,53
1352,1367,609,43,609,43,608,42
1353,1368,639,48,639,48,640,50
1354,1369,621,15,621,15,610,5
1355,1370,828,433,828,433,889,499
1356,1371,891,471,891,471,952,537
1357,1372,737,485,737,485,796,550
1358,1373,786,339,786,339,842,401
1359,1374,702,247,702,247,748,297
1360,1375,373,285,373,285,412,312
1361,1376,425,236,425,236,463,263
1362,1377,470,157,470,157,498,175
1363,1378,467,66,467,66,474,60
1364,1379,576,163,576,163,607,191
1365,1380,515,312,515,312,564,359
1366,1381,450,325,450,325,497,366
1367,1382,518,300,518,300,566,345
1368,1383,600,329,600,329,654,384
1369,1384,542,189,542,189,577,219
1370,1385,815,477,815,477,876,543
1371,1386,973,300,973,300,1018,354
1372,1387,838,373,838,373,896,438
1373,1388,624,268,624,268,673,318
1374,1389,587,292,587,292,637,342
1375,1390,1035,524,1035,524,1092,581
1376,1391,1087,598,1087,598,1138,645
1377,1392,806,368,806,368,864,432
1378,1393,675,332,675,332,730,391
1379,1394,1185,480,1185,480,1234,524
1380,1395,1167,444,1167,444,1215,491
1381,1396,1042,331,1042,331,1087,384
1382,1397,1163,352,1163,352,1202,396
1383,1398,914,184,914,184,939,223
1384,1399,1131,418,1131,418,1180,469
1385,1400,770,438,770,438,831,505
1386,1401,725,449,725,449,785,515
1387,1402,630,447,630,447,687,508
1388,1403,702,408,702,408,761,473
1389,1404,881,406,881,406,940,471
1390,1405,807,438,807,438,868,505
1391,1406,846,247,846,247,888,298
1392,1407,908,359,908,359,963,421
1393,1408,792,489,792,489,852,555
1394,1409,724,494,724,494,782,559
1395,1410,300,197,300,197,326,201
1396,1411,169,173,169,173,180,149
1397,1412,117,43,117,43,100,-25
1398,1413,250,36,250,36,241,-9
1399,1414,438,211,438,211,474,236
1400,1415,378,133,378,133,398,135
1401,1416,663,207,663,207,702,249
1402,1417,493,48,493,48,495,40
1403,1418,693,58,693,58,694,65
1404,1419,710,-7,710,-7,688,-21
1405,1420,627,326,627,326,681,382
1406,1421,1005,289,1005,289,1046,340
1407,1422,827,270,827,270,874,325
1408,1423,806,298,806,298,858,356
1409,1424,830,577,830,577,884,637
1410,1425,885,529,885,529,944,592
1411,1426,1063,449,1063,449,1118,506
1412,1427,935,291,935,291,981,346
1413,1428,909,249,909,249,948,299
1414,1429,694,235,694,235,738,282
1415,1430,831,377,831,377,890,442
1416,1431,845,282,845,282,893,338
1417,1432,904,210,904,210,936,254
1418,1433,722,109,722,109,737,130
1419,1434,298,50,298,50,295,18
1420,1435,298,85,298,85,304,63
1421,1436,678,94,678,94,690,110
1422,1437,500,61,500,61,505,57
1423,1438,665,110,665,110,683,131
1424,1439,669,16,669,16,657,9
1425,1440,502,416,502,416,552,467
1426,1441,615,215,615,215,656,256
1427,1442,421,335,421,335,466,374
1428,1443,616,480,616,480,670,540
1429,1444,486,259,486,259,529,297
1430,1445,458,249,458,249,499,282
1431,1446,483,364,483,364,532,411
1432,1447,536,280,536,280,583,325
1433,1448,383,287,383,287,423,316
1434,1449,205,227,205,227,225,220
1435,1450,203,-125,203,-125,140,-237
1436,1451,420,-196,420,-196,328,-310
1437,1452,-48,-167,-48,-167,-143,-354
1438,1453,51,-140,51,-140,-26,-290
1439,1454,517,-204,517,-204,418,-312
1440,1455,-33,-123,-33,-123,-111,-287
1441,1456,355,-205,355,-205,260,-330
1442,1457,359,-89,359,-89,314,-161
1443,1458,513,8,513,8,503,-11
1444,1459,406,16,406,16,397,-12
1445,1460,362,109,362,109,376,102
1446,1461,237,7,237,7,220,-49
1447,1462,123,-117,123,-117,59,-242
1448,1463,55,-175,55,-175,-36,-341
1449,1464,272,-94,272,-94,223,-181
1450,1465,307,-51,307,-51,274,-117
1451,1466,356,-63,356,-63,320,-126
1452,1467,378,-34,378,-34,353,-83
1453,1468,-118,86,-118,86,-155,-28
1454,1469,89,-94,89,-94,31,-217
1455,1470,299,139,299,139,316,130
1456,1471,209,-37,209,-37,177,-113
1457,1472,492,142,492,142,517,158
1458,1473,347,168,347,168,372,173
1459,1474,305,84,305,84,311,62
1460,1475,320,84,320,84,326,65
1461,1476,333,79,333,79,340,61
1462,1477,241,5,241,5,223,-51
1463,1478,321,189,321,189,347,195
1464,1479,430,278,430,278,473,312
1465,1480,73,139,73,139,69,86
1466,1481,79,37,79,37,57,-41
1467,1482,66,0,66,0,34,-93
1468,1483,145,-5,145,-5,118,-83
1469,1484,219,-16,219,-16,194,-83
1470,1485,87,-139,87,-139,13,-281
1471,1486,142,10,142,10,119,-63
1472,1487,0,-28,0,-28,-45,-146
1473,1488,12,-12,12,-12,-28,-122
1474,1489,73,-11,73,-11,39,-105
1475,1490,353,-28,353,-28,330,-79
1476,1491,364,-50,364,-50,333,-107
1477,1492,342,78,342,78,348,60
1478,1493,322,99,322,99,332,84
1479,1494,118,61,118,61,106,-1
1480,1495,79,-74,79,-74,27,-190
1481,1496,209,-81,209,-81,162,-174
1482,1497,18,-23,18,-23,-24,-135
1483,1498,231,219,231,219,253,215
1484,1499,-185,-60,-185,-60,-261,-241
1485,1500,-200,326,-200,326,-241,228
1486,1501,149,311,149,311,166,303
1487,1502,-49,217,-49,217,-62,150
1488,1503,213,110,213,110,218,80
1489,1504,332,271,332,271,367,291
1490,1505,670,303,670,303,723,359
1491,1506,359,349,359,349,399,380
1492,1507,315,264,315,264,348,281
1493,1508,157,350,157,350,175,346
1494,1509,-54,241,-54,241,-67,177
1495,1510,117,259,117,259,129,238
1496,1511,95,182,95,182,100,144
1497,1512,99,58,99,58,84,-10
1498,1513,77,162,77,162,76,116
1499,1514,349,89,349,89,358,75
1500,1515,280,30,280,30,271,-12
1501,1516,163,63,163,63,154,11
1502,1517,192,105,192,105,195,70
1503,1518,229,170,229,170,246,156
1504,1519,289,72,289,72,291,45
1505,1520,192,39,192,39,180,-15
1506,1521,251,128,251,128,263,109
1507,1522,261,22,261,22,249,-25
1508,1523,427,-110,427,-110,373,-182
1509,1524,167,-176,167,-176,82,-319
1510,1525,42,-129,42,-129,-32,-277
1511,1526,175,-135,175,-135,107,-257
1512,1527,323,-19,323,-19,301,-71
1513,1528,181,-12,181,-12,155,-85
1514,1529,96,-83,96,-83,43,-199
1515,1530,169,181,169,181,181,158
1516,1531,10,104,10,104,-6,29
1517,1532,93,37,93,37,73,-37
1518,1533,33,128,33,128,24,64
1519,1534,87,138,87,138,85,89
1520,1535,201,-16,201,-16,175,-86
1521,1536,219,77,219,77,218,40
1522,1537,81,-91,81,-91,24,-215
1523,1538,159,-84,159,-84,109,-188
1524,1539,444,25,444,25,438,4
1525,1540,128,106,128,106,125,58
1526,1541,148,72,148,72,140,19
1527,1542,260,-68,260,-68,220,-147
1528,1543,435,28,435,28,431,7
1529,1544,383,108,383,108,398,104
1530,1545,434,29,434,29,430,8
1531,1546,540,33,540,33,537,23
1532,1547,198,-107,198,-107,141,-213
1533,1548,178,-1,178,-1,155,-70
1534,1549,187,46,187,46,176,-7
1535,1550,170,161,170,161,180,134
1536,1551,31,159,31,159,24,101
1537,1552,203,217,203,217,222,207
1538,1553,23,4,23,4,-12,-98
1539,1554,-62,39,-62,39,-98,-73
1540,1555,756,169,756,169,786,206
1541,1556,767,137,767,137,788,166
1542,1557,597,-55,597,-55,562,-91
1543,1558,363,-59,363,-59,329,-120
1544,1559,277,37,277,37,270,-3
1545,1560,405,203,405,203,438,222
1546,1561,275,112,275,112,285,93
1547,1562,260,59,260,59,258,24
1548,1563,241,-29,241,-29,213,-97
1549,1564,233,-52,233,-52,197,-130
1550,1565,175,-80,175,-80,127,-180
1551,1566,127,59,127,59,114,-2
1552,1567,210,-145,210,-145,139,-265
1553,1568,183,-99,183,-99,129,-204
1554,1569,197,-26,197,-26,168,-100
1555,1570,567,-57,567,-57,532,-96
1556,1571,404,83,404,83,413,75
1557,1572,352,-192,352,-192,263,-312
1558,1573,529,-139,529,-139,461,-215
1559,1574,449,-133,449,-133,385,-213
1560,1575,335,261,335,261,369,281
1561,1576,343,242,343,242,376,259
1562,1577,547,219,547,219,588,256
1563,1578,548,162,548,162,578,188
1564,1579,301,189,301,189,326,192
1565,1580,231,458,231,458,251,471
1566,1581,148,230,148,230,163,212
1567,1582,304,361,304,361,339,385
1568,1583,522,330,522,330,573,379
1569,1584,443,290,443,290,487,327
1570,1585,345,248,345,248,379,267
1571,1586,201,274,201,274,224,272
1572,1587,395,159,395,159,420,168
1573,1588,232,211,232,211,253,206
1574,1589,292,201,292,201,318,204
1575,1590,344,403,344,403,382,435
1576,1591,275,169,275,169,295,163
1577,1592,308,176,308,176,331,177
1578,1593,193,26,193,26,178,-32
1579,1594,276,148,276,148,292,138
1580,1595,435,156,435,156,461,170
1581,1596,263,131,263,131,276,115
1582,1597,343,230,343,230,376,246
1583,1598,317,159,317,159,338,158
1584,1599,800,108,800,108,812,131
1585,1600,200,207,200,207,218,195
1586,1601,28,70,28,70,8,-10
1587,1602,276,120,276,120,288,103
1588,1603,230,157,230,157,244,140
1589,1604,138,421,138,421,149,416
1590,1605,85,344,85,344,93,325
1591,1606,428,385,428,385,473,428
1592,1607,-58,120,-58,120,-81,31
1593,1608,-166,234,-166,234,-198,137
1594,1609,-20,148,-20,148,-34,76
1595,1610,478,161,478,161,506,180
1596,1611,327,146,327,146,346,143
1597,1612,520,113,520,113,539,125
1598,1613,562,184,562,184,597,215
1599,1614,537,-29,537,-29,513,-59
1600,1615,523,-23,523,-23,502,-52
1601,1616,701,-70,701,-70,654,-107
1602,1617,791,76,791,76,794,90
1603,1618,850,189,850,189,881,230
1604,1619,816,295,816,295,867,353
1605,1620,446,305,446,305,491,343
1606,1621,533,326,533,326,584,376
1607,1622,392,200,392,200,423,217
1608,1623,374,173,374,173,400,183
1609,1624,531,314,531,314,581,363
1610,1625,484,260,484,260,528,298
1611,1626,364,150,364,150,386,153
1612,1627,372,159,372,159,396,165
1613,1628,570,133,570,133,595,153
1614,1629,636,121,636,121,657,142
1615,1630,870,202,870,202,902,245
1616,1631,680,330,680,330,735,389
1617,1632,706,253,706,253,752,304
1618,1633,589,365,589,365,644,422
1619,1634,722,310,722,310,776,368
1620,1635,870,262,870,262,914,315
1621,1636,972,301,972,301,1017,355
1622,1637,929,345,929,345,982,405
1623,1638,855,208,855,208,889,252
1624,1639,891,239,891,239,929,287
1625,1640,808,241,808,241,851,291
1626,1641,630,29,630,29,625,24
1627,1642,758,134,758,134,779,163
1628,1643,486,101,486,101,502,107
1629,1644,608,96,608,96,623,110
1630,1645,481,61,481,61,487,55
1631,1646,790,-55,790,-55,744,-86
1632,1647,755,8,755,8,736,0
1633,1648,842,-33,842,-33,801,-55
1634,1649,710,-5,710,-5,689,-18
1635,1650,678,479,678,479,736,543
1636,1651,511,382,511,382,563,433
1637,1652,539,317,539,317,590,366
1638,1653,597,358,597,358,652,415
1639,1654,609,251,609,251,654,297
1640,1655,535,136,535,136,560,155
1641,1656,680,104,680,104,696,124
1642,1657,785,12,785,12,766,5
1643,1658,535,-104,535,-104,482,-165
1644,1659,515,-152,515,-152,441,-236
1645,1660,475,-184,475,-184,387,-285
1646,1661,492,-137,492,-137,426,-216
1647,1662,215,-314,215,-314,64,-520
1648,1663,185,-348,185,-348,14,-580
1649,1664,486,-170,486,-170,405,-265
1650,1665,573,-97,573,-97,522,-151
1651,1666,522,-140,522,-140,453,-217
1652,1667,472,-139,472,-139,406,-219
1653,1668,308,-56,308,-56,274,-123
1654,1669,354,-114,354,-114,299,-198
1655,1670,317,40,317,40,312,7
1656,1671,51,-34,51,-34,9,-143
1657,1672,-12,-109,-12,-109,-82,-261
1658,1673,-31,-301,-31,-301,-184,-553
1659,1674,14,72,14,72,-7,-10
1660,1675,125,90,125,90,119,37
1661,1676,182,-2,182,-2,159,-70
1662,1677,186,-26,186,-26,156,-102
1663,1678,291,10,291,10,278,-36
1664,1679,359,66,359,66,363,47
1665,1680,471,-48,471,-48,441,-91
1666,1681,508,-218,508,-218,401,-334
1667,1682,821,-43,821,-43,777,-69
1668,1683,739,-37,739,-37,704,-61
1669,1684,668,-136,668,-136,593,-203
1670,1685,806,-143,806,-143,717,-210
1671,1686,696,79,696,79,704,92
1672,1687,565,93,565,93,580,103
1673,1688,503,101,503,101,519,108
1674,1689,589,13,589,13,579,1
1675,1690,699,302,699,302,752,358
1676,1691,468,285,468,285,513,324
1677,1692,686,179,686,179,719,216
1678,1693,700,198,700,198,737,239
1679,1694,344,-218,344,-218,242,-352
1680,1695,390,-242,390,-242,275,-382
1681,1696,398,-69,398,-69,360,-129
1682,1697,148,-244,148,-244,32,-424
1683,1698,567,-68,567,-68,528,-111
1684,1699,476,-85,476,-85,432,-142
1685,1700,584,128,584,128,607,149
1686,1701,522,148,522,148,549,169
1687,1702,918,215,918,215,951,259
1688,1703,288,140,288,140,304,129
1689,1704,448,162,448,162,476,178
1690,1705,1294,564,1294,564,1335,590
1691,1706,885,590,885,590,939,648
1692,1707,579,388,579,388,634,445
1693,1708,594,138,594,138,619,162
1694,1709,531,168,531,168,562,193
1695,1710,306,336,306,336,342,358
1696,1711,198,269,198,269,220,266
1697,1712,226,269,226,269,251,271
1698,1713,443,217,443,217,480,244
1699,1714,198,165,198,165,211,145
1700,1715,226,226,226,226,249,222
1701,1716,148,243,148,243,163,227
1702,1717,585,272,585,272,633,320
1703,1718,185,117,185,117,189,83
1704,1719,119,204,119,204,128,176
1705,1720,639,186,639,186,675,223
1706,1721,559,69,559,69,566,72
1707,1722,420,34,420,34,417,13
1708,1723,653,42,653,42,651,43
1709,1724,469,27,469,27,465,10
1710,1725,1001,136,1001,136,1006,159
1711,1726,919,133,919,133,930,160
1712,1727,1131,453,1131,453,1182,504
1713,1728,1068,722,1068,722,1103,749
1714,1729,565,103,565,103,582,116
1715,1730,1130,593,1130,593,1180,636
1716,1731,1067,521,1067,521,1122,576
1717,1732,771,525,771,525,829,589
1718,1733,1186,307,1186,307,1215,344
1719,1734,540,235,540,235,583,274
1720,1735,360,210,360,210,391,225
1721,1736,560,81,560,81,571,87
1722,1737,706,108,706,108,722,129
1723,1738,529,27,529,27,525,15
1724,1739,482,-71,482,-71,443,-123
1725,1740,665,197,665,197,702,237
1726,1741,874,-244,874,-244,720,-363
1727,1742,851,-173,851,-173,741,-256
1728,1743,844,-95,844,-95,774,-142
1729,1744,905,-301,905,-301,711,-453
1730,1745,944,-74,944,-74,874,-116
1731,1746,787,-66,787,-66,736,-101
1732,1747,920,2,920,2,885,-10
1733,1748,944,-44,944,-44,887,-74
1734,1749,723,133,723,133,745,161
1735,1750,1077,99,1077,99,1062,107
1736,1751,851,61,851,61,845,69
1737,1752,919,-24,919,-24,874,-45
1738,1753,968,107,968,107,967,125
1739,1754,883,67,883,67,876,77
1740,1755,744,-151,744,-151,657,-222
1741,1756,816,-266,816,-266,656,-396
1742,1757,1020,-22,1020,-22,964,-49
1743,1758,966,-53,966,-53,903,-87
1744,1759,853,-117,853,-117,772,-174
1745,1760,1436,132,1436,132,1378,97
1746,1761,1345,21,1345,21,1257,-31
1747,1762,1544,86,1544,86,1444,14
1748,1763,1442,98,1442,98,1370,52
1749,1764,1487,13,1487,13,1366,-69
1750,1765,1870,147,1870,147,1714,-2
1751,1766,1835,190,1835,190,1708,63
1752,1767,2018,358,2018,358,1898,192
1753,1768,2031,323,2031,323,1897,147
1754,1769,1041,92,1041,92,1027,101
1755,1770,1644,1090,1644,1090,1547,895
1756,1771,1998,996,1998,996,1891,734
1757,1772,1667,564,1667,564,1661,512
1758,1773,1574,503,1574,503,1579,477
1759,1774,762,293,762,293,814,350
1760,1775,862,302,862,302,913,361
1761,1776,937,217,937,217,969,261
1762,1777,1077,266,1077,266,1108,308
1763,1778,670,115,670,115,688,136
1764,1779,799,193,799,193,833,235
1765,1780,1051,265,1051,265,1084,309
1766,1781,1382,421,1382,421,1406,437
1767,1782,1417,325,1417,325,1419,327
1768,1783,1380,342,1380,342,1391,353
1769,1784,1305,301,1305,301,1318,320
1770,1785,1221,283,1221,283,1241,313
1771,1786,1070,228,1070,228,1094,266
1772,1787,766,105,766,105,778,127
1773,1788,793,200,793,200,828,243
1774,1789,858,184,858,184,887,223
1775,1790,1251,109,1251,109,1217,100
1776,1791,1200,51,1200,51,1150,31
1777,1792,1357,147,1357,147,1319,130
1778,1793,1435,110,1435,110,1369,69
1779,1794,1271,172,1271,172,1255,174
1780,1795,1121,73,1121,73,1091,69
1781,1796,1176,-194,1176,-194,1004,-310
1782,1797,1239,-4,1239,-4,1159,-47
1783,1798,1240,65,1240,65,1190,44
1784,1799,856,83,856,83,857,99
1785,1800,483,19,483,19,476,0
1786,1801,627,282,627,282,677,333
1787,1802,692,159,692,159,721,192
1788,1803,963,571,963,571,1019,629
1789,1804,736,303,736,303,789,361
1790,1805,1209,308,1209,308,1235,341
1791,1806,1082,325,1082,325,1124,374
1792,1807,1002,232,1002,232,1033,275
1793,1808,1107,464,1107,464,1160,517
1794,1809,1115,297,1115,297,1149,340
1795,1810,914,233,914,233,951,280
1796,1811,1107,441,1107,441,1159,494
1797,1812,867,215,867,215,902,260
1798,1813,1155,325,1155,325,1190,367
1799,1814,953,269,953,269,994,320
1800,1815,1031,162,1031,162,1042,189
1801,1816,769,91,769,91,777,109
1802,1817,967,154,967,154,980,183
1803,1818,868,-2,868,-2,837,-14
1804,1819,878,-73,878,-73,816,-112
1805,1820,1016,321,1016,321,1062,375
1806,1821,573,23,573,23,566,13
1807,1822,652,20,652,20,643,14
1808,1823,689,51,689,51,689,56
1809,1824,892,208,892,208,924,251
1810,1825,856,159,856,159,879,193
1811,1826,869,115,869,115,879,138
1812,1827,982,13,982,13,945,1
1813,1828,1000,-65,1000,-65,927,-107
1814,1829,1045,-29,1045,-29,982,-61
1815,1830,848,76,848,76,847,89
1816,1831,951,280,951,280,995,333
1817,1832,857,293,857,293,907,350
1818,1833,818,252,818,252,862,305
1819,1834,819,249,819,249,863,300
1820,1835,832,165,832,165,858,201
1821,1836,731,225,731,225,773,273
1822,1837,729,169,729,169,759,206
1823,1838,825,70,825,70,823,82
1824,1839,1014,133,1014,133,1017,154
1825,1840,784,271,784,271,832,326
1826,1841,879,329,879,329,932,390
1827,1842,883,140,883,140,899,170
1828,1843,766,247,766,247,811,298
1829,1844,729,259,729,259,776,311
1830,1845,807,246,807,246,851,297
1831,1846,1096,346,1096,346,1139,396
1832,1847,1082,174,1082,174,1091,200
1833,1848,758,204,758,204,795,248
1834,1849,868,123,868,123,880,148
1835,1850,1134,538,1134,538,1186,586
1836,1851,1104,324,1104,324,1143,371
1837,1852,1102,69,1102,69,1074,66
1838,1853,1091,264,1091,264,1120,304
1839,1854,1435,322,1435,322,1434,321
1840,1855,1412,322,1412,322,1415,325
1841,1856,1375,366,1375,366,1392,380
1842,1857,1190,244,1190,244,1205,272
1843,1858,1262,446,1262,446,1302,481
1844,1859,1162,326,1162,326,1197,368
1845,1860,1179,562,1179,562,1228,603
1846,1861,1036,289,1036,289,1075,338
1847,1862,981,234,981,234,1013,278
1848,1863,1089,218,1089,218,1109,252
1849,1864,767,373,767,373,825,437
1850,1865,805,301,805,301,857,360
1851,1866,855,173,855,173,881,210
1852,1867,952,-17,952,-17,906,-37
1853,1868,1011,221,1011,221,1038,261
1854,1869,1044,132,1044,132,1044,150
1855,1870,912,379,912,379,969,442
1856,1871,808,191,808,191,841,233
1857,1872,815,310,815,310,868,370
1858,1873,725,219,725,219,766,265
1859,1874,575,106,575,106,593,120
1860,1875,647,161,647,161,677,193
1861,1876,703,298,703,298,755,355
1862,1877,726,315,726,315,780,375
1863,1878,573,195,573,195,610,230
1864,1879,609,149,609,149,637,177
1865,1880,877,-53,877,-53,824,-84
1866,1881,1119,340,1119,340,1160,387
1867,1882,1059,91,1059,91,1043,97
1868,1883,1051,-140,1051,-140,933,-218
1869,1884,943,57,943,57,928,62
1870,1885,1053,161,1053,161,1060,186
1871,1886,978,107,978,107,976,124
1872,1887,949,105,949,105,949,123
1873,1888,788,256,788,256,834,309
1874,1889,891,339,891,339,945,400
1875,1890,1194,440,1194,440,1240,483
1876,1891,1059,361,1059,361,1107,415
1877,1892,861,619,861,619,911,674
1878,1893,825,587,825,587,878,646
1879,1894,983,645,983,645,1031,693
1880,1895,1047,454,1047,454,1103,512
1881,1896,1037,359,1037,359,1086,415
1882,1897,932,406,932,406,990,470
1883,1898,961,569,961,569,1018,626
1884,1899,990,555,990,555,1047,613
1885,1900,751,81,751,81,757,96
1886,1901,501,285,501,285,547,327
1887,1902,621,228,621,228,663,271
1888,1903,785,231,785,231,826,280
1889,1904,802,117,802,117,816,141
1890,1905,894,90,894,90,894,106
1891,1906,873,78,873,78,870,91
1892,1907,800,63,800,63,798,73
1893,1908,1167,40,1167,40,1117,21
1894,1909,1190,90,1190,90,1157,83
1895,1910,1008,266,1008,266,1045,313
1896,1911,957,143,957,143,968,171
1897,1912,1038,293,1038,293,1078,342
1898,1913,983,255,983,255,1020,302
1899,1914,938,-2,938,-2,900,-16
1900,1915,965,80,965,80,956,90
1901,1916,856,200,856,200,888,243
1902,1917,1086,350,1086,350,1131,401
1903,1918,908,484,908,484,968,548
1904,1919,696,439,696,439,755,503
1905,1920,678,625,678,625,719,676
1906,1921,663,457,663,457,721,520
1907,1922,672,324,672,324,727,382
1908,1923,759,265,759,265,807,319
1909,1924,891,200,891,200,922,242
1910,1925,775,261,775,261,821,314
1911,1926,689,154,689,154,717,185
1912,1927,1151,147,1151,147,1143,159
1913,1928,1038,394,1038,394,1090,452
1914,1929,1064,265,1064,265,1096,309
1915,1930,1028,22,1028,22,990,10
1916,1931,943,70,943,70,932,79
1917,1932,1054,-9,1054,-9,1000,-33
1918,1933,933,10,933,10,901,1
1919,1934,798,-109,798,-109,727,-161
1920,1935,716,-122,716,-122,645,-181
1921,1936,881,-181,881,-181,763,-268
1922,1937,836,-27,836,-27,797,-47
1923,1938,828,-113,828,-113,751,-167
1924,1939,617,-190,617,-190,519,-284
1925,1940,590,327,590,327,643,381
1926,1941,485,227,485,227,525,259
1927,1942,354,135,354,135,373,134
1928,1943,695,311,695,311,749,369
1929,1944,449,402,449,402,496,448
1930,1945,586,218,586,218,626,257
1931,1946,657,271,657,271,707,323
1932,1947,655,320,655,320,709,378
1933,1948,677,251,677,251,723,300
1934,1949,473,355,473,355,522,401
1935,1950,869,131,869,131,883,158
1936,1951,1048,131,1048,131,1047,149
1937,1952,892,134,892,134,906,161
1938,1953,1008,228,1008,228,1037,270
1939,1954,953,84,953,84,946,97
1940,1955,994,65,994,65,976,69
1941,1956,1039,-26,1039,-26,979,-56
1942,1957,971,319,971,319,1019,375
1943,1958,831,209,831,209,866,253
1944,1959,692,68,692,68,697,78
1945,1960,706,369,706,369,765,432
1946,1961,505,114,505,114,524,124
1947,1962,679,164,679,164,709,198
1948,1963,826,190,826,190,858,231
1949,1964,936,146,936,146,950,175
1950,1965,940,428,940,428,999,492
1951,1966,713,362,713,362,771,424
1952,1967,768,38,768,38,759,40
1953,1968,777,90,777,90,785,107
1954,1969,1050,282,1050,282,1086,328
1955,1970,483,295,483,295,530,337
1956,1971,425,286,425,286,468,321
1957,1972,509,164,509,164,539,186
1958,1973,585,63,585,63,591,67
1959,1974,465,227,465,227,504,257
1960,1975,331,195,331,195,359,203
1961,1976,568,305,568,305,619,355
1962,1977,479,86,479,86,491,87
1963,1978,386,-38,386,-38,360,-88
1964,1979,622,165,622,165,653,197
1965,1980,738,307,738,307,791,365
1966,1981,515,132,515,132,538,148
1967,1982,538,192,538,192,573,223
1968,1983,370,89,370,89,380,79
1969,1984,526,207,526,207,564,240
1970,1985,559,173,559,173,591,202
1971,1986,547,185,547,185,582,216
1972,1987,582,199,582,199,620,235
1973,1988,683,220,683,220,724,265
1974,1989,584,-41,584,-41,555,-72
1975,1990,252,92,252,92,256,64
1976,1991,417,150,417,150,442,160
1977,1992,510,0,510,0,496,-23
1978,1993,504,20,504,20,498,4
1979,1994,552,145,552,145,578,167
1980,1995,534,234,534,234,577,273
1981,1996,465,263,465,263,507,299
1982,1997,601,158,601,158,631,186
1983,1998,584,259,584,259,630,305
1984,1999,608,82,608,82,619,92
1985,2000,454,199,454,199,489,224
1986,2001,392,221,392,221,427,242
1987,2002,204,522,204,522,212,528
1988,2003,483,352,483,352,532,399
1989,2004,518,343,518,343,569,392
1990,2005,773,431,773,431,834,497
1991,2006,756,244,756,244,800,295
1992,2007,629,243,629,243,674,289
1993,2008,707,348,707,348,764,410
1994,2009,847,338,847,338,902,400
1995,2010,1156,606,1156,606,1204,645
1996,2011,1223,521,1223,521,1270,560
1997,2012,1113,426,1113,426,1164,479
1998,2013,1188,439,1188,439,1234,483
1999,2014,1053,481,1053,481,1109,538
2000,2015,900,323,900,323,952,382
2001,2016,849,324,849,324,902,385
2002,2017,457,438,457,438,503,485
2003,2018,423,338,423,338,468,377
2004,2019,701,56,701,56,702,63
2005,2020,573,362,573,362,628,417
2006,2021,587,293,587,293,637,344
2007,2022,601,267,601,267,649,315
2008,2023,654,326,654,326,709,383
2009,2024,880,218,880,218,915,263
2010,2025,982,441,982,441,1040,504
2011,2026,848,1089,848,1089,736,995
2012,2027,127,666,127,666,86,638
2013,2028,592,300,592,300,643,352
2014,2029,693,284,693,284,744,339
2015,2030,963,677,963,677,1006,719
2016,2031,1166,340,1166,340,1203,382
2017,2032,893,293,893,293,941,350
2018,2033,843,200,843,200,876,243
2019,2034,491,225,491,225,530,258
2020,2035,638,249,638,249,684,297
2021,2036,434,320,434,320,480,359
2022,2037,414,333,414,333,458,370
2023,2038,905,374,905,374,962,437
2024,2039,543,346,543,346,596,398
2025,2040,913,201,913,201,942,243
2026,2041,831,88,831,88,835,105
2027,2042,547,-40,547,-40,519,-74
2028,2043,806,31,806,31,792,31
2029,2044,698,-54,698,-54,658,-86
2030,2045,749,-106,749,-106,683,-158
2031,2046,658,-122,658,-122,590,-183
2032,2047,758,-178,758,-178,655,-262
2033,2048,730,-119,730,-119,660,-176
2034,2049,744,-136,744,-136,664,-201
2035,2050,511,224,511,224,551,258
2036,2051,562,290,562,290,612,338
2037,2052,573,460,573,460,626,518
2038,2053,757,285,757,285,807,341
2039,2054,692,575,692,575,741,632
2040,2055,734,461,734,461,793,526
2041,2056,633,373,633,373,690,433
2042,2057,569,410,569,410,624,468
2043,2058,910,81,910,81,906,95
2044,2059,642,-76,642,-76,596,-118
2045,2060,714,241,714,241,759,291
2046,2061,666,61,666,61,669,68
2047,2062,687,104,687,104,703,124
2048,2063,761,84,761,84,767,100
2049,2064,806,125,806,125,822,152
2050,2065,787,141,787,141,809,171
2051,2066,835,316,835,316,888,376
2052,2067,791,389,791,389,851,454
2053,2068,717,196,717,196,754,238
2054,2069,771,146,771,146,794,178
2055,2070,602,707,602,707,619,739
2056,2071,677,406,677,406,736,470
